4,481
4,482
5,481
5,482
6,2
6,3
6,4
6,5
6,6
6,7
6,8
6,9
6,10
6,11
6,12
6,13
6,14
6,15
6,16
6,17
6,18
6,19
6,20
6,21
6,481
6,482
7,2
7,3
7,4
7,5
7,6
7,7
7,8
7,9
7,10
7,11
7,12
7,13
7,14
7,15
7,16
7,17
7,18
7,19
7,20
7,21
7,22
7,23
7,24
7,25
7,26
7,27
7,28
7,29
7,30
7,31
7,32
7,33
7,34
7,35
7,36
7,37
7,38
7,39
7,40
7,41
7,42
7,43
7,44
7,45
7,46
7,47
7,48
7,49
7,50
7,51
7,52
7,53
7,54
7,55
7,56
7,57
7,58
7,59
7,60
7,61
7,62
7,63
7,64
7,65
7,66
7,67
7,68
7,69
7,70
7,71
7,72
7,73
7,74
7,75
7,76
7,77
7,78
7,79
7,80
7,81
7,82
7,83
7,84
7,85
7,86
7,87
7,88
7,89
7,90
7,91
7,92
7,93
7,94
7,95
7,96
7,97
7,98
7,99
7,100
7,101
7,102
7,103
7,104
7,105
7,106
7,107
7,108
7,109
7,110
7,111
7,112
7,113
7,114
7,115
7,116
7,117
7,118
7,119
7,120
7,121
7,122
7,123
7,124
7,125
7,126
7,127
7,128
7,129
7,130
7,131
7,132
7,133
7,134
7,135
7,136
7,137
7,138
7,139
7,140
7,141
7,142
7,143
7,144
7,145
7,146
7,147
7,148
7,149
7,150
7,151
7,152
7,153
7,154
7,155
7,156
7,157
7,158
7,159
7,160
7,161
7,162
7,163
7,164
7,165
7,166
7,167
7,168
7,169
7,170
7,171
7,172
7,173
7,174
7,175
7,176
7,177
7,178
7,179
7,180
7,181
7,182
7,183
7,184
7,185
7,186
7,187
7,188
7,189
7,190
7,191
7,192
7,193
7,194
7,195
7,196
7,197
7,198
7,199
7,200
7,201
7,202
7,203
7,204
7,205
7,206
7,207
7,208
7,209
7,210
7,211
7,212
7,213
7,214
7,215
7,216
7,217
7,218
7,219
7,220
7,221
7,222
7,223
7,224
7,225
7,226
7,227
7,228
7,229
7,230
7,231
7,232
7,233
7,234
7,235
7,236
7,237
7,238
7,239
7,240
7,241
7,242
7,243
7,244
7,245
7,246
7,247
7,248
7,249
7,250
7,251
7,252
7,253
7,254
7,255
7,256
7,257
7,258
7,259
7,260
7,261
7,262
7,263
7,264
7,265
7,266
7,267
7,268
7,269
7,270
7,271
7,272
7,273
7,274
7,275
7,276
7,277
7,278
7,279
7,280
7,281
7,282
7,283
7,284
7,285
7,286
7,287
7,288
7,289
7,290
7,291
7,292
7,293
7,294
7,295
7,296
7,297
7,298
7,299
7,300
7,301
7,302
7,303
7,304
7,305
7,306
7,307
7,308
7,309
7,310
7,311
7,312
7,313
7,314
7,315
7,316
7,317
7,318
7,319
7,320
7,321
7,322
7,323
7,324
7,325
7,326
7,327
7,328
7,329
7,330
7,331
7,332
7,333
7,334
7,335
7,336
7,337
7,338
7,339
7,340
7,341
7,342
7,343
7,344
7,345
7,346
7,347
7,348
7,349
7,350
7,351
7,352
7,353
7,354
7,355
7,356
7,357
7,358
7,359
7,360
7,361
7,362
7,363
7,364
7,365
7,366
7,367
7,368
7,369
7,370
7,371
7,372
7,373
7,374
7,375
7,376
7,377
7,378
7,379
7,380
7,381
7,382
7,383
7,384
7,385
7,386
7,387
7,388
7,389
7,390
7,391
7,392
7,393
7,394
7,395
7,396
7,397
7,398
7,399
7,400
7,401
7,402
7,403
7,404
7,405
7,406
7,407
7,408
7,409
7,410
7,411
7,412
7,413
7,414
7,415
7,416
7,417
7,418
7,419
7,420
7,421
7,422
7,423
7,424
7,425
7,426
7,427
7,428
7,429
7,430
7,431
7,432
7,433
7,434
7,435
7,436
7,437
7,438
7,439
7,440
7,441
7,442
7,443
7,444
7,445
7,446
7,447
7,448
7,449
7,450
7,451
7,452
7,453
7,454
7,455
7,456
7,457
7,458
7,459
7,460
7,461
7,462
7,463
7,464
7,465
7,466
7,467
7,468
7,469
7,470
7,471
7,472
7,473
7,474
7,475
7,476
7,477
7,478
7,479
7,480
7,481
7,482
7,483
7,484
8,7
8,17
8,18
8,19
8,20
8,21
8,22
8,23
8,24
8,25
8,26
8,27
8,28
8,29
8,30
8,31
8,32
8,33
8,34
8,35
8,36
8,37
8,38
8,39
8,40
8,41
8,42
8,43
8,44
8,45
8,46
8,47
8,48
8,49
8,50
8,51
8,52
8,53
8,54
8,55
8,56
8,57
8,58
8,59
8,60
8,61
8,62
8,63
8,64
8,65
8,66
8,67
8,68
8,69
8,70
8,71
8,72
8,73
8,74
8,75
8,76
8,77
8,78
8,79
8,80
8,81
8,82
8,83
8,84
8,85
8,86
8,87
8,88
8,89
8,90
8,91
8,92
8,93
8,94
8,95
8,96
8,97
8,98
8,99
8,100
8,101
8,102
8,103
8,104
8,105
8,106
8,107
8,108
8,109
8,110
8,111
8,112
8,113
8,114
8,115
8,116
8,117
8,118
8,119
8,120
8,121
8,122
8,123
8,124
8,125
8,126
8,127
8,128
8,129
8,130
8,131
8,132
8,133
8,134
8,135
8,136
8,137
8,138
8,139
8,140
8,141
8,142
8,143
8,144
8,145
8,146
8,147
8,148
8,149
8,150
8,151
8,152
8,153
8,154
8,155
8,156
8,157
8,158
8,159
8,160
8,161
8,162
8,163
8,164
8,165
8,166
8,167
8,168
8,169
8,170
8,171
8,172
8,173
8,174
8,175
8,176
8,177
8,178
8,179
8,180
8,181
8,182
8,183
8,184
8,185
8,186
8,187
8,188
8,189
8,190
8,191
8,192
8,193
8,194
8,195
8,196
8,197
8,198
8,199
8,200
8,201
8,202
8,203
8,204
8,205
8,206
8,207
8,208
8,209
8,210
8,211
8,212
8,213
8,214
8,215
8,216
8,217
8,218
8,219
8,220
8,221
8,222
8,223
8,224
8,225
8,226
8,227
8,228
8,229
8,230
8,231
8,232
8,233
8,234
8,235
8,236
8,237
8,238
8,239
8,240
8,241
8,242
8,243
8,244
8,245
8,246
8,247
8,248
8,249
8,250
8,251
8,252
8,253
8,254
8,255
8,256
8,257
8,258
8,259
8,260
8,261
8,262
8,263
8,264
8,265
8,266
8,267
8,268
8,269
8,270
8,271
8,272
8,273
8,274
8,275
8,276
8,277
8,278
8,279
8,280
8,281
8,282
8,283
8,284
8,285
8,286
8,287
8,288
8,289
8,290
8,291
8,292
8,293
8,294
8,295
8,296
8,297
8,298
8,299
8,300
8,301
8,302
8,303
8,304
8,305
8,306
8,307
8,308
8,309
8,310
8,311
8,312
8,313
8,314
8,315
8,316
8,317
8,318
8,319
8,320
8,321
8,322
8,323
8,324
8,325
8,326
8,327
8,328
8,329
8,330
8,331
8,332
8,333
8,334
8,335
8,336
8,337
8,338
8,339
8,340
8,341
8,342
8,343
8,344
8,345
8,346
8,347
8,348
8,349
8,350
8,351
8,352
8,353
8,354
8,355
8,356
8,357
8,358
8,359
8,360
8,361
8,362
8,363
8,364
8,365
8,366
8,367
8,368
8,369
8,370
8,371
8,372
8,373
8,374
8,375
8,376
8,377
8,378
8,379
8,380
8,381
8,382
8,383
8,384
8,385
8,386
8,387
8,388
8,389
8,390
8,391
8,392
8,393
8,394
8,395
8,396
8,397
8,398
8,399
8,400
8,401
8,402
8,403
8,404
8,405
8,406
8,407
8,408
8,409
8,410
8,411
8,412
8,413
8,414
8,415
8,416
8,417
8,418
8,419
8,420
8,421
8,422
8,423
8,424
8,425
8,426
8,427
8,428
8,429
8,430
8,431
8,432
8,433
8,434
8,435
8,436
8,437
8,438
8,439
8,440
8,441
8,442
8,443
8,444
8,445
8,446
8,447
8,448
8,449
8,450
8,451
8,452
8,453
8,454
8,455
8,456
8,457
8,458
8,459
8,460
8,461
8,462
8,463
8,464
8,465
8,466
8,467
8,468
8,469
8,470
8,471
8,472
8,473
8,474
8,475
8,476
8,477
8,478
8,479
8,480
8,481
8,482
8,483
8,484
9,7
9,481
9,482
10,7
10,481
10,482
11,7
11,481
11,482
12,7
12,481
12,482
13,7
13,481
13,482
14,7
14,481
14,482
15,7
15,481
15,482
16,7
16,481
16,482
17,7
17,481
17,482
18,7
18,84
18,85
18,86
18,87
18,88
18,89
18,90
18,91
18,92
18,481
18,482
19,7
19,84
19,85
19,86
19,87
19,88
19,89
19,90
19,91
19,92
19,481
19,482
20,7
20,84
20,85
20,91
20,92
20,481
20,482
21,7
21,55
21,56
21,57
21,58
21,59
21,60
21,61
21,62
21,63
21,64
21,84
21,85
21,91
21,92
21,126
21,127
21,128
21,129
21,130
21,131
21,132
21,133
21,134
21,135
21,136
21,137
21,138
21,139
21,140
21,141
21,142
21,143
21,144
21,145
21,146
21,147
21,148
21,149
21,150
21,151
21,152
21,153
21,154
21,155
21,156
21,157
21,158
21,159
21,160
21,161
21,162
21,163
21,164
21,165
21,166
21,167
21,168
21,481
21,482
22,7
22,55
22,56
22,57
22,58
22,59
22,60
22,61
22,62
22,63
22,64
22,84
22,85
22,91
22,92
22,126
22,127
22,168
22,481
22,482
23,7
23,55
23,56
23,63
23,64
23,84
23,85
23,91
23,92
23,126
23,127
23,168
23,481
23,482
24,7
24,55
24,56
24,63
24,64
24,84
24,85
24,91
24,92
24,126
24,127
24,168
24,481
24,482
25,7
25,55
25,56
25,63
25,64
25,84
25,85
25,91
25,92
25,126
25,127
25,168
25,481
25,482
26,7
26,55
26,56
26,63
26,64
26,84
26,85
26,91
26,92
26,126
26,127
26,168
26,368
26,369
26,370
26,371
26,372
26,373
26,374
26,375
26,376
26,377
26,378
26,379
26,380
26,381
26,382
26,383
26,384
26,385
26,386
26,387
26,388
26,389
26,390
26,391
26,392
26,393
26,394
26,395
26,396
26,397
26,398
26,399
26,400
26,401
26,402
26,403
26,404
26,405
26,406
26,407
26,408
26,409
26,410
26,411
26,412
26,413
26,414
26,415
26,416
26,417
26,418
26,419
26,420
26,421
26,422
26,423
26,424
26,425
26,426
26,481
26,482
27,7
27,55
27,56
27,63
27,64
27,84
27,85
27,126
27,127
27,168
27,368
27,369
27,426
27,481
27,482
28,7
28,55
28,56
28,63
28,64
28,84
28,85
28,126
28,127
28,168
28,368
28,369
28,426
28,481
28,482
29,7
29,27
29,28
29,55
29,56
29,63
29,64
29,84
29,85
29,126
29,127
29,168
29,368
29,369
29,426
29,481
29,482
30,4
30,5
30,6
30,7
30,8
30,9
30,10
30,11
30,12
30,13
30,14
30,15
30,16
30,17
30,18
30,19
30,20
30,21
30,22
30,23
30,24
30,25
30,26
30,27
30,28
30,55
30,56
30,63
30,64
30,84
30,85
30,126
30,127
30,168
30,368
30,369
30,426
30,481
30,482
31,4
31,5
31,6
31,7
31,8
31,9
31,10
31,11
31,12
31,13
31,14
31,15
31,16
31,17
31,18
31,19
31,20
31,21
31,22
31,23
31,24
31,25
31,26
31,27
31,28
31,55
31,56
31,63
31,64
31,84
31,85
31,91
31,92
31,126
31,127
31,168
31,368
31,369
31,426
31,481
31,482
32,7
32,27
32,28
32,55
32,56
32,63
32,64
32,84
32,85
32,91
32,92
32,126
32,127
32,168
32,368
32,369
32,426
32,481
32,482
33,7
33,27
33,28
33,55
33,56
33,63
33,64
33,84
33,85
33,91
33,92
33,126
33,127
33,168
33,368
33,369
33,426
33,481
33,482
34,7
34,27
34,28
34,55
34,56
34,84
34,85
34,91
34,92
34,126
34,127
34,168
34,368
34,369
34,426
34,481
34,482
35,7
35,27
35,28
35,55
35,56
35,84
35,85
35,86
35,87
35,88
35,89
35,90
35,91
35,92
35,126
35,127
35,368
35,369
35,426
35,481
35,482
36,7
36,27
36,28
36,55
36,56
36,126
36,127
36,368
36,369
36,426
36,481
36,482
37,7
37,27
37,28
37,55
37,56
37,126
37,127
37,368
37,369
37,426
37,481
37,482
38,7
38,27
38,28
38,55
38,56
38,63
38,64
38,126
38,127
38,368
38,369
38,426
38,481
38,482
39,7
39,27
39,28
39,55
39,56
39,63
39,64
39,126
39,127
39,168
39,368
39,369
39,426
39,481
39,482
40,7
40,27
40,28
40,55
40,56
40,63
40,64
40,126
40,127
40,168
40,368
40,369
40,426
40,481
40,482
41,7
41,27
41,28
41,55
41,56
41,63
41,64
41,126
41,127
41,168
41,248
41,249
41,250
41,251
41,252
41,253
41,254
41,255
41,256
41,257
41,258
41,259
41,260
41,261
41,262
41,263
41,264
41,265
41,266
41,267
41,268
41,269
41,270
41,271
41,272
41,273
41,274
41,275
41,276
41,277
41,278
41,279
41,280
41,281
41,282
41,283
41,284
41,285
41,286
41,287
41,288
41,289
41,290
41,291
41,292
41,293
41,294
41,295
41,296
41,297
41,298
41,299
41,300
41,301
41,302
41,303
41,304
41,305
41,306
41,307
41,308
41,309
41,310
41,311
41,312
41,368
41,369
41,426
41,481
41,482
42,7
42,27
42,28
42,55
42,56
42,63
42,64
42,126
42,127
42,168
42,248
42,249
42,312
42,368
42,369
42,426
42,481
42,482
43,7
43,27
43,28
43,55
43,56
43,63
43,64
43,126
43,127
43,168
43,248
43,249
43,312
43,368
43,369
43,370
43,371
43,372
43,373
43,374
43,375
43,376
43,377
43,378
43,379
43,380
43,381
43,382
43,383
43,384
43,385
43,386
43,387
43,388
43,389
43,390
43,391
43,392
43,398
43,399
43,400
43,401
43,402
43,403
43,404
43,405
43,406
43,407
43,408
43,409
43,410
43,411
43,412
43,413
43,414
43,415
43,416
43,417
43,418
43,419
43,420
43,421
43,422
43,423
43,424
43,425
43,426
43,481
43,482
44,7
44,27
44,28
44,55
44,56
44,63
44,64
44,126
44,127
44,168
44,248
44,249
44,312
44,481
44,482
45,7
45,27
45,28
45,55
45,56
45,57
45,58
45,59
45,60
45,61
45,62
45,63
45,64
45,86
45,87
45,88
45,89
45,90
45,91
45,92
45,93
45,94
45,126
45,127
45,168
45,248
45,249
45,312
45,481
45,482
46,7
46,27
46,28
46,86
46,93
46,94
46,126
46,127
46,168
46,248
46,249
46,312
46,481
46,482
47,7
47,27
47,28
47,86
47,93
47,94
47,126
47,127
47,168
47,248
47,249
47,312
47,481
47,482
48,7
48,27
48,28
48,86
48,93
48,94
48,126
48,127
48,168
48,248
48,249
48,312
48,481
48,482
49,7
49,27
49,28
49,86
49,93
49,94
49,126
49,127
49,168
49,248
49,249
49,312
49,481
49,482
50,7
50,27
50,28
50,86
50,93
50,94
50,126
50,127
50,128
50,129
50,130
50,131
50,132
50,133
50,134
50,135
50,136
50,137
50,138
50,139
50,140
50,141
50,142
50,143
50,144
50,145
50,146
50,147
50,148
50,149
50,150
50,151
50,152
50,153
50,154
50,155
50,156
50,157
50,158
50,159
50,160
50,161
50,162
50,163
50,164
50,165
50,166
50,167
50,168
50,248
50,249
50,312
50,481
50,482
51,7
51,27
51,28
51,86
51,93
51,94
51,248
51,249
51,312
51,481
51,482
52,7
52,27
52,28
52,86
52,93
52,94
52,248
52,249
52,312
52,481
52,482
53,7
53,27
53,28
53,86
53,93
53,94
53,248
53,249
53,312
53,481
53,482
54,7
54,27
54,28
54,86
54,93
54,94
54,248
54,249
54,312
54,481
54,482
55,7
55,27
55,28
55,86
55,93
55,94
55,248
55,249
55,312
55,481
55,482
56,7
56,27
56,28
56,86
56,93
56,94
56,248
56,249
56,312
56,481
56,482
57,7
57,27
57,28
57,86
57,93
57,94
57,248
57,249
57,312
57,481
57,482
58,7
58,27
58,28
58,86
58,93
58,94
58,248
58,249
58,312
58,481
58,482
59,7
59,27
59,28
59,86
59,93
59,94
59,248
59,249
59,312
59,481
59,482
60,7
60,27
60,28
60,53
60,54
60,55
60,56
60,57
60,58
60,59
60,60
60,61
60,86
60,93
60,94
60,248
60,249
60,312
60,481
60,482
61,7
61,27
61,28
61,53
61,54
61,61
61,86
61,248
61,249
61,250
61,251
61,252
61,253
61,254
61,255
61,256
61,257
61,258
61,259
61,260
61,261
61,262
61,263
61,264
61,265
61,266
61,267
61,268
61,269
61,270
61,271
61,272
61,273
61,274
61,275
61,276
61,277
61,278
61,279
61,280
61,281
61,282
61,283
61,284
61,285
61,286
61,287
61,288
61,289
61,290
61,291
61,292
61,293
61,294
61,295
61,301
61,302
61,303
61,304
61,305
61,306
61,307
61,308
61,309
61,310
61,311
61,312
61,481
61,482
62,7
62,27
62,28
62,53
62,54
62,61
62,86
62,248
62,249
62,250
62,251
62,252
62,253
62,254
62,255
62,256
62,257
62,258
62,259
62,260
62,261
62,262
62,263
62,264
62,265
62,266
62,267
62,268
62,269
62,270
62,271
62,272
62,273
62,274
62,275
62,276
62,277
62,278
62,279
62,280
62,281
62,282
62,283
62,284
62,285
62,286
62,287
62,288
62,289
62,290
62,291
62,292
62,293
62,294
62,295
62,301
62,302
62,303
62,304
62,305
62,306
62,307
62,308
62,309
62,310
62,311
62,312
62,481
62,482
63,7
63,27
63,28
63,53
63,54
63,61
63,86
63,423
63,424
63,425
63,426
63,427
63,428
63,429
63,430
63,431
63,432
63,433
63,434
63,435
63,436
63,437
63,438
63,439
63,440
63,441
63,442
63,443
63,444
63,445
63,446
63,447
63,448
63,449
63,450
63,451
63,452
63,453
63,454
63,455
63,456
63,457
63,458
63,459
63,460
63,461
63,462
63,463
63,464
63,465
63,466
63,467
63,468
63,469
63,470
63,471
63,472
63,473
63,474
63,475
63,476
63,477
63,478
63,479
63,480
63,481
63,482
64,7
64,27
64,28
64,53
64,54
64,61
64,86
64,423
64,424
64,425
64,426
64,427
64,428
64,429
64,430
64,431
64,432
64,433
64,434
64,435
64,436
64,437
64,438
64,439
64,440
64,441
64,442
64,443
64,444
64,445
64,446
64,447
64,448
64,449
64,450
64,451
64,452
64,453
64,454
64,455
64,456
64,457
64,458
64,459
64,460
64,461
64,462
64,463
64,464
64,465
64,466
64,467
64,468
64,469
64,470
64,471
64,472
64,473
64,474
64,475
64,476
64,477
64,478
64,479
64,480
64,481
64,482
65,7
65,27
65,28
65,53
65,54
65,61
65,86
65,423
65,481
65,482
66,7
66,27
66,28
66,53
66,54
66,61
66,86
66,93
66,94
66,423
66,481
66,482
67,7
67,27
67,28
67,53
67,54
67,61
67,86
67,93
67,94
67,344
67,345
67,346
67,347
67,348
67,349
67,350
67,351
67,352
67,353
67,354
67,355
67,356
67,357
67,358
67,359
67,360
67,361
67,362
67,363
67,364
67,365
67,366
67,367
67,368
67,369
67,370
67,376
67,377
67,378
67,379
67,380
67,381
67,382
67,383
67,384
67,385
67,386
67,387
67,388
67,389
67,423
67,481
67,482
68,7
68,27
68,28
68,53
68,54
68,61
68,86
68,93
68,94
68,344
68,388
68,389
68,423
68,481
68,482
69,7
69,27
69,28
69,53
69,54
69,61
69,86
69,93
69,94
69,344
69,388
69,389
69,423
69,481
69,482
70,7
70,27
70,28
70,53
70,54
70,61
70,86
70,87
70,88
70,89
70,90
70,91
70,92
70,93
70,94
70,344
70,388
70,389
70,423
70,481
70,482
71,7
71,27
71,28
71,53
71,54
71,86
71,87
71,88
71,89
71,90
71,91
71,92
71,93
71,94
71,344
71,388
71,389
71,423
71,481
71,482
72,7
72,27
72,28
72,53
72,54
72,344
72,388
72,389
72,423
72,481
72,482
73,7
73,11
73,12
73,13
73,14
73,15
73,16
73,17
73,18
73,19
73,20
73,21
73,22
73,23
73,24
73,25
73,26
73,27
73,28
73,53
73,54
73,344
73,388
73,389
73,423
73,481
73,482
74,7
74,11
74,12
74,13
74,14
74,15
74,16
74,17
74,18
74,19
74,20
74,21
74,22
74,23
74,24
74,25
74,26
74,27
74,53
74,54
74,344
74,388
74,389
74,423
74,481
74,482
75,7
75,53
75,54
75,142
75,143
75,144
75,145
75,146
75,147
75,148
75,149
75,150
75,151
75,152
75,153
75,154
75,155
75,156
75,157
75,158
75,159
75,160
75,161
75,162
75,163
75,164
75,165
75,166
75,167
75,168
75,169
75,170
75,171
75,172
75,173
75,174
75,175
75,176
75,177
75,183
75,184
75,185
75,186
75,187
75,188
75,189
75,190
75,191
75,192
75,193
75,194
75,195
75,196
75,197
75,198
75,199
75,200
75,201
75,202
75,306
75,307
75,308
75,309
75,310
75,311
75,312
75,313
75,314
75,315
75,316
75,317
75,344
75,388
75,389
75,423
75,481
75,482
76,7
76,53
76,54
76,61
76,142
76,143
76,144
76,145
76,146
76,147
76,148
76,149
76,150
76,151
76,152
76,153
76,154
76,155
76,156
76,157
76,158
76,159
76,160
76,161
76,162
76,163
76,164
76,165
76,166
76,167
76,168
76,169
76,170
76,171
76,172
76,173
76,174
76,175
76,176
76,177
76,183
76,184
76,185
76,186
76,187
76,188
76,189
76,190
76,191
76,192
76,193
76,194
76,195
76,196
76,197
76,198
76,199
76,200
76,201
76,202
76,306
76,307
76,316
76,317
76,344
76,388
76,389
76,423
76,481
76,482
77,7
77,53
77,54
77,61
77,142
77,143
77,202
77,306
77,307
77,316
77,317
77,344
77,388
77,389
77,423
77,481
77,482
78,7
78,53
78,54
78,61
78,142
78,143
78,202
78,306
78,307
78,316
78,317
78,344
78,388
78,389
78,423
78,481
78,482
79,7
79,53
79,54
79,61
79,142
79,143
79,202
79,306
79,307
79,316
79,317
79,344
79,388
79,389
79,423
79,481
79,482
80,7
80,53
80,54
80,61
80,142
80,143
80,202
80,306
80,307
80,316
80,317
80,344
80,388
80,389
80,423
80,481
80,482
81,7
81,53
81,54
81,61
81,142
81,143
81,202
81,306
81,307
81,316
81,317
81,344
81,388
81,389
81,423
81,481
81,482
82,5
82,6
82,7
82,8
82,9
82,10
82,11
82,12
82,13
82,14
82,15
82,16
82,17
82,18
82,19
82,20
82,21
82,22
82,23
82,24
82,25
82,26
82,27
82,53
82,54
82,55
82,56
82,57
82,58
82,59
82,60
82,61
82,142
82,143
82,202
82,306
82,307
82,316
82,317
82,344
82,388
82,389
82,423
82,481
82,482
83,5
83,6
83,7
83,8
83,9
83,10
83,11
83,12
83,13
83,14
83,15
83,16
83,17
83,18
83,19
83,20
83,21
83,22
83,23
83,24
83,25
83,26
83,27
83,53
83,54
83,55
83,56
83,57
83,58
83,59
83,60
83,61
83,142
83,143
83,202
83,306
83,307
83,316
83,317
83,344
83,388
83,389
83,423
83,481
83,482
84,7
84,26
84,27
84,142
84,143
84,202
84,306
84,307
84,316
84,317
84,344
84,388
84,389
84,423
84,481
84,482
85,7
85,26
85,27
85,118
85,119
85,120
85,121
85,122
85,123
85,124
85,125
85,126
85,127
85,128
85,129
85,130
85,131
85,132
85,133
85,134
85,135
85,136
85,137
85,138
85,139
85,140
85,141
85,142
85,143
85,144
85,145
85,146
85,147
85,152
85,153
85,154
85,155
85,202
85,306
85,307
85,308
85,309
85,314
85,315
85,316
85,317
85,344
85,388
85,389
85,423
85,481
85,482
86,7
86,26
86,27
86,85
86,86
86,87
86,88
86,118
86,119
86,120
86,121
86,122
86,123
86,124
86,125
86,126
86,127
86,128
86,129
86,130
86,131
86,132
86,133
86,134
86,135
86,136
86,137
86,138
86,139
86,140
86,141
86,142
86,143
86,144
86,145
86,146
86,147
86,152
86,153
86,154
86,155
86,202
86,299
86,300
86,301
86,302
86,303
86,304
86,305
86,306
86,307
86,308
86,309
86,314
86,315
86,316
86,317
86,344
86,388
86,389
86,423
86,481
86,482
87,7
87,26
87,27
87,85
87,86
87,87
87,88
87,118
87,142
87,143
87,155
87,202
87,299
87,344
87,388
87,389
87,423
87,481
87,482
88,7
88,26
88,27
88,85
88,86
88,87
88,88
88,118
88,142
88,143
88,155
88,202
88,299
88,344
88,388
88,389
88,423
88,481
88,482
89,7
89,26
89,27
89,85
89,86
89,87
89,88
89,118
89,142
89,143
89,155
89,202
89,299
89,344
89,388
89,389
89,423
89,481
89,482
90,7
90,26
90,27
90,85
90,86
90,87
90,88
90,118
90,142
90,143
90,155
90,202
90,261
90,262
90,263
90,264
90,265
90,266
90,267
90,272
90,273
90,274
90,275
90,276
90,299
90,311
90,312
90,344
90,388
90,389
90,423
90,481
90,482
91,7
91,26
91,27
91,85
91,86
91,87
91,88
91,118
91,142
91,143
91,155
91,202
91,261
91,262
91,275
91,276
91,299
91,311
91,312
91,344
91,388
91,389
91,423
91,481
91,482
92,7
92,26
92,27
92,85
92,86
92,87
92,88
92,118
92,142
92,143
92,155
92,202
92,261
92,262
92,275
92,276
92,299
92,311
92,312
92,344
92,388
92,389
92,423
92,481
92,482
93,7
93,26
93,27
93,85
93,86
93,87
93,88
93,118
93,142
93,143
93,155
93,202
93,261
93,262
93,275
93,276
93,299
93,311
93,312
93,344
93,388
93,389
93,423
93,481
93,482
94,7
94,26
94,27
94,85
94,86
94,87
94,88
94,118
94,142
94,143
94,155
94,202
94,261
94,262
94,275
94,276
94,299
94,311
94,312
94,344
94,388
94,389
94,423
94,481
94,482
95,7
95,26
95,27
95,85
95,86
95,87
95,88
95,118
95,142
95,143
95,155
95,202
95,261
95,262
95,275
95,276
95,299
95,311
95,312
95,344
95,345
95,346
95,347
95,348
95,349
95,350
95,351
95,352
95,353
95,354
95,355
95,356
95,357
95,358
95,359
95,360
95,361
95,362
95,363
95,364
95,365
95,366
95,367
95,368
95,369
95,370
95,371
95,372
95,373
95,374
95,375
95,376
95,377
95,378
95,379
95,380
95,381
95,382
95,383
95,384
95,385
95,386
95,387
95,388
95,389
95,423
95,481
95,482
96,7
96,26
96,27
96,85
96,86
96,87
96,88
96,118
96,155
96,202
96,261
96,262
96,275
96,276
96,299
96,311
96,312
96,423
96,481
96,482
97,7
97,26
97,27
97,54
97,55
97,56
97,57
97,58
97,59
97,60
97,61
97,62
97,85
97,86
97,87
97,88
97,118
97,155
97,202
97,261
97,262
97,275
97,276
97,299
97,312
97,423
97,481
97,482
98,7
98,26
98,27
98,54
98,55
98,56
98,57
98,58
98,59
98,60
98,61
98,62
98,85
98,86
98,87
98,88
98,118
98,155
98,202
98,261
98,262
98,275
98,276
98,299
98,300
98,301
98,302
98,303
98,304
98,305
98,306
98,423
98,481
98,482
99,7
99,26
99,27
99,54
99,61
99,62
99,85
99,86
99,87
99,88
99,118
99,155
99,202
99,261
99,262
99,275
99,276
99,299
99,300
99,301
99,302
99,303
99,304
99,305
99,306
99,312
99,313
99,314
99,315
99,316
99,317
99,318
99,423
99,481
99,482
100,7
100,26
100,27
100,54
100,61
100,62
100,85
100,86
100,87
100,88
100,118
100,155
100,202
100,261
100,262
100,275
100,276
100,305
100,318
100,423
100,424
100,425
100,426
100,427
100,428
100,429
100,430
100,431
100,437
100,438
100,439
100,440
100,441
100,442
100,443
100,444
100,445
100,446
100,447
100,448
100,449
100,450
100,451
100,452
100,453
100,454
100,455
100,456
100,457
100,458
100,459
100,460
100,461
100,462
100,463
100,464
100,465
100,466
100,467
100,468
100,469
100,470
100,471
100,472
100,473
100,474
100,475
100,476
100,477
100,478
100,479
100,480
100,481
100,482
101,7
101,26
101,27
101,54
101,61
101,62
101,85
101,86
101,87
101,88
101,118
101,142
101,143
101,155
101,202
101,261
101,262
101,275
101,276
101,305
101,318
101,481
101,482
102,7
102,26
102,27
102,54
102,61
102,62
102,85
102,86
102,87
102,88
102,118
102,142
102,143
102,155
102,202
102,261
102,262
102,275
102,276
102,305
102,318
102,481
102,482
103,7
103,26
103,27
103,54
103,85
103,86
103,87
103,88
103,118
103,125
103,126
103,127
103,128
103,129
103,130
103,131
103,132
103,137
103,138
103,139
103,142
103,143
103,155
103,202
103,261
103,262
103,275
103,276
103,305
103,318
103,481
103,482
104,7
104,26
104,27
104,54
104,85
104,86
104,87
104,88
104,118
104,125
104,126
104,139
104,142
104,143
104,155
104,202
104,261
104,262
104,275
104,276
104,305
104,318
104,481
104,482
105,7
105,26
105,27
105,54
105,85
105,86
105,87
105,88
105,118
105,125
105,126
105,139
105,142
105,143
105,155
105,202
105,261
105,262
105,275
105,276
105,305
105,318
105,481
105,482
106,7
106,26
106,27
106,54
106,85
106,86
106,118
106,119
106,120
106,121
106,122
106,123
106,124
106,125
106,126
106,127
106,128
106,129
106,130
106,131
106,132
106,137
106,138
106,139
106,140
106,141
106,142
106,143
106,144
106,145
106,146
106,147
106,148
106,149
106,150
106,151
106,152
106,153
106,154
106,155
106,202
106,261
106,262
106,275
106,276
106,305
106,318
106,481
106,482
107,7
107,26
107,27
107,54
107,85
107,86
107,118
107,119
107,120
107,121
107,122
107,123
107,124
107,125
107,126
107,127
107,128
107,129
107,130
107,131
107,132
107,137
107,138
107,139
107,140
107,141
107,142
107,143
107,144
107,145
107,146
107,147
107,148
107,149
107,150
107,151
107,152
107,153
107,154
107,155
107,202
107,261
107,262
107,275
107,276
107,305
107,318
107,481
107,482
108,7
108,26
108,27
108,54
108,85
108,86
108,125
108,126
108,139
108,142
108,143
108,202
108,261
108,262
108,275
108,276
108,305
108,318
108,481
108,482
109,7
109,26
109,27
109,54
109,85
109,86
109,125
109,126
109,139
109,142
109,143
109,202
109,261
109,262
109,275
109,276
109,305
109,318
109,481
109,482
110,7
110,26
110,27
110,54
110,61
110,62
110,85
110,86
110,125
110,126
110,139
110,142
110,143
110,202
110,261
110,262
110,275
110,276
110,297
110,298
110,299
110,300
110,301
110,302
110,303
110,304
110,305
110,306
110,307
110,318
110,481
110,482
111,7
111,26
111,27
111,54
111,61
111,62
111,85
111,86
111,87
111,88
111,125
111,126
111,139
111,142
111,143
111,202
111,261
111,262
111,275
111,276
111,297
111,298
111,299
111,300
111,301
111,302
111,303
111,304
111,305
111,306
111,307
111,313
111,314
111,315
111,316
111,317
111,318
111,481
111,482
112,7
112,26
112,27
112,54
112,61
112,62
112,85
112,86
112,87
112,88
112,125
112,126
112,139
112,142
112,143
112,202
112,261
112,262
112,275
112,276
112,297
112,305
112,306
112,307
112,313
112,314
112,315
112,316
112,317
112,318
112,481
112,482
113,7
113,26
113,27
113,54
113,61
113,62
113,85
113,86
113,87
113,88
113,125
113,126
113,139
113,142
113,143
113,202
113,261
113,262
113,275
113,276
113,297
113,481
113,482
114,7
114,26
114,27
114,54
114,61
114,62
114,85
114,86
114,87
114,88
114,125
114,126
114,139
114,142
114,143
114,202
114,261
114,262
114,275
114,276
114,297
114,481
114,482
115,7
115,26
115,27
115,54
115,55
115,56
115,57
115,58
115,59
115,60
115,61
115,62
115,85
115,86
115,87
115,88
115,125
115,126
115,139
115,142
115,143
115,202
115,261
115,262
115,275
115,276
115,297
115,481
115,482
116,7
116,26
116,27
116,85
116,86
116,87
116,88
116,125
116,126
116,128
116,129
116,130
116,131
116,132
116,138
116,139
116,142
116,143
116,202
116,261
116,262
116,275
116,276
116,297
116,481
116,482
117,7
117,26
117,27
117,85
117,86
117,87
117,88
117,125
117,126
117,128
117,129
117,130
117,131
117,132
117,138
117,139
117,142
117,143
117,202
117,261
117,262
117,275
117,276
117,297
117,309
117,310
117,481
117,482
118,7
118,26
118,27
118,125
118,126
118,128
118,129
118,139
118,142
118,143
118,202
118,261
118,262
118,275
118,276
118,297
118,309
118,310
118,481
118,482
119,7
119,26
119,27
119,125
119,126
119,127
119,128
119,129
119,130
119,131
119,132
119,138
119,139
119,142
119,143
119,202
119,261
119,262
119,263
119,264
119,265
119,266
119,267
119,268
119,269
119,270
119,271
119,272
119,273
119,274
119,275
119,276
119,297
119,309
119,310
119,356
119,357
119,358
119,359
119,360
119,361
119,362
119,363
119,364
119,365
119,366
119,367
119,368
119,369
119,370
119,371
119,372
119,373
119,374
119,375
119,376
119,377
119,378
119,379
119,380
119,381
119,382
119,383
119,384
119,385
119,386
119,387
119,388
119,389
119,390
119,391
119,392
119,393
119,394
119,395
119,396
119,397
119,398
119,399
119,400
119,401
119,402
119,403
119,409
119,410
119,411
119,412
119,413
119,414
119,415
119,416
119,417
119,418
119,419
119,420
119,421
119,422
119,423
119,424
119,425
119,426
119,427
119,428
119,465
119,466
119,467
119,468
119,469
119,470
119,471
119,472
119,473
119,474
119,475
119,476
119,477
119,478
119,479
119,480
119,481
119,482
119,483
119,484
119,485
119,486
119,487
119,488
119,489
119,490
119,491
119,492
119,493
119,494
119,495
119,496
120,7
120,26
120,27
120,128
120,129
120,139
120,142
120,143
120,202
120,297
120,309
120,310
120,356
120,357
120,358
120,359
120,360
120,361
120,362
120,363
120,364
120,365
120,366
120,367
120,368
120,369
120,370
120,371
120,372
120,373
120,374
120,375
120,376
120,377
120,378
120,379
120,380
120,381
120,382
120,383
120,384
120,385
120,386
120,387
120,388
120,389
120,390
120,391
120,392
120,393
120,394
120,395
120,396
120,397
120,398
120,399
120,400
120,401
120,402
120,403
120,409
120,410
120,411
120,412
120,413
120,414
120,415
120,416
120,417
120,418
120,419
120,420
120,421
120,422
120,423
120,424
120,425
120,426
120,427
120,428
120,465
120,466
120,467
120,468
120,469
120,470
120,471
120,472
120,473
120,474
120,475
120,476
120,477
120,478
120,479
120,480
120,481
120,482
120,483
120,484
120,485
120,486
120,487
120,488
120,489
120,490
120,491
120,492
120,493
120,494
120,495
120,496
121,7
121,26
121,27
121,128
121,129
121,139
121,142
121,143
121,202
121,297
121,309
121,310
121,356
121,427
121,428
121,465
121,481
121,482
121,495
121,496
122,7
122,26
122,27
122,128
122,129
122,139
122,142
122,143
122,202
122,297
122,309
122,310
122,356
122,427
122,428
122,465
122,481
122,482
122,495
122,496
123,1
123,2
123,3
123,4
123,5
123,6
123,7
123,8
123,9
123,10
123,11
123,12
123,13
123,14
123,15
123,16
123,17
123,18
123,19
123,20
123,21
123,22
123,23
123,26
123,27
123,128
123,129
123,139
123,142
123,143
123,202
123,297
123,309
123,310
123,356
123,427
123,428
123,465
123,481
123,482
123,495
123,496
124,1
124,2
124,3
124,4
124,5
124,6
124,7
124,8
124,9
124,10
124,11
124,12
124,13
124,14
124,15
124,16
124,17
124,18
124,19
124,20
124,21
124,22
124,23
124,26
124,27
124,128
124,129
124,130
124,131
124,132
124,133
124,134
124,135
124,136
124,137
124,138
124,139
124,142
124,143
124,202
124,297
124,309
124,310
124,356
124,427
124,428
124,465
124,481
124,482
124,495
124,496
125,7
125,128
125,129
125,130
125,131
125,132
125,133
125,134
125,135
125,136
125,137
125,138
125,139
125,142
125,143
125,202
125,297
125,309
125,310
125,356
125,427
125,428
125,465
125,481
125,482
125,495
125,496
126,7
126,142
126,143
126,202
126,297
126,309
126,310
126,356
126,427
126,428
126,465
126,481
126,482
126,495
126,496
127,7
127,52
127,53
127,54
127,55
127,56
127,57
127,58
127,59
127,60
127,61
127,62
127,142
127,143
127,202
127,297
127,309
127,310
127,356
127,427
127,428
127,465
127,481
127,482
127,495
127,496
128,7
128,52
128,53
128,54
128,55
128,56
128,57
128,58
128,59
128,60
128,61
128,62
128,142
128,143
128,202
128,297
128,309
128,310
128,356
128,427
128,428
128,465
128,481
128,482
128,495
128,496
129,7
129,52
129,61
129,62
129,142
129,143
129,202
129,297
129,309
129,310
129,356
129,427
129,428
129,495
129,496
130,7
130,52
130,61
130,62
130,142
130,143
130,202
130,256
130,257
130,258
130,259
130,260
130,261
130,262
130,263
130,264
130,265
130,266
130,267
130,268
130,274
130,275
130,276
130,277
130,278
130,279
130,280
130,281
130,282
130,283
130,284
130,285
130,286
130,287
130,288
130,289
130,290
130,291
130,292
130,293
130,294
130,295
130,296
130,297
130,298
130,299
130,300
130,301
130,302
130,303
130,308
130,309
130,310
130,311
130,312
130,313
130,314
130,315
130,316
130,317
130,318
130,319
130,320
130,321
130,356
130,427
130,428
130,495
130,496
131,7
131,52
131,61
131,62
131,142
131,143
131,144
131,145
131,146
131,147
131,148
131,149
131,150
131,151
131,152
131,153
131,154
131,155
131,156
131,157
131,158
131,159
131,160
131,161
131,162
131,163
131,164
131,165
131,166
131,167
131,168
131,169
131,170
131,171
131,172
131,173
131,174
131,175
131,176
131,177
131,178
131,179
131,180
131,181
131,182
131,183
131,184
131,185
131,186
131,187
131,188
131,189
131,190
131,191
131,192
131,193
131,194
131,195
131,196
131,197
131,198
131,199
131,200
131,201
131,202
131,256
131,297
131,309
131,310
131,321
131,356
131,427
131,428
131,495
131,496
132,7
132,52
132,61
132,62
132,142
132,143
132,144
132,145
132,146
132,147
132,148
132,149
132,150
132,151
132,152
132,153
132,154
132,155
132,156
132,157
132,158
132,159
132,160
132,161
132,162
132,163
132,164
132,165
132,166
132,167
132,168
132,169
132,170
132,171
132,172
132,173
132,174
132,175
132,176
132,177
132,178
132,179
132,180
132,181
132,182
132,183
132,184
132,185
132,186
132,187
132,188
132,189
132,190
132,191
132,192
132,193
132,194
132,195
132,196
132,197
132,198
132,199
132,200
132,201
132,202
132,256
132,297
132,309
132,310
132,321
132,356
132,427
132,428
132,495
132,496
133,7
133,52
133,61
133,62
133,256
133,297
133,298
133,299
133,300
133,301
133,302
133,303
133,308
133,309
133,310
133,321
133,356
133,427
133,428
133,495
133,496
134,7
134,52
134,61
134,62
134,256
134,321
134,356
134,427
134,428
134,481
134,482
134,495
134,496
135,7
135,52
135,61
135,62
135,256
135,321
135,356
135,427
135,428
135,465
135,481
135,482
135,495
135,496
136,7
136,52
136,61
136,62
136,256
136,321
136,356
136,427
136,428
136,465
136,466
136,467
136,468
136,469
136,470
136,471
136,472
136,473
136,474
136,475
136,476
136,477
136,478
136,479
136,480
136,481
136,482
136,483
136,484
136,485
136,486
136,487
136,488
136,489
136,490
136,491
136,492
136,493
136,494
136,495
136,496
137,7
137,52
137,61
137,62
137,256
137,321
137,356
137,427
137,428
137,465
137,466
137,467
137,468
137,469
137,470
137,471
137,472
137,473
137,474
137,475
137,476
137,477
137,478
137,479
137,480
137,481
137,482
137,483
137,484
137,485
137,486
137,487
137,488
137,489
137,490
137,491
137,492
137,493
137,494
137,495
137,496
138,7
138,52
138,61
138,62
138,256
138,321
138,356
138,427
138,428
138,481
138,482
139,7
139,52
139,61
139,62
139,80
139,81
139,82
139,83
139,84
139,85
139,86
139,87
139,88
139,89
139,90
139,91
139,92
139,93
139,94
139,95
139,96
139,97
139,98
139,99
139,100
139,101
139,102
139,103
139,104
139,105
139,256
139,321
139,356
139,427
139,428
139,481
139,482
140,7
140,52
140,61
140,62
140,80
140,105
140,256
140,321
140,356
140,427
140,428
140,481
140,482
141,7
141,52
141,61
141,62
141,80
141,105
141,256
141,321
141,356
141,427
141,428
141,481
141,482
142,7
142,52
142,80
142,105
142,170
142,171
142,172
142,173
142,174
142,175
142,176
142,177
142,178
142,179
142,180
142,181
142,182
142,183
142,184
142,185
142,186
142,187
142,188
142,189
142,190
142,191
142,192
142,193
142,194
142,195
142,196
142,197
142,198
142,199
142,200
142,201
142,202
142,203
142,204
142,205
142,206
142,207
142,208
142,209
142,256
142,321
142,356
142,427
142,428
142,481
142,482
143,7
143,52
143,80
143,105
143,170
143,171
143,172
143,173
143,174
143,175
143,176
143,177
143,178
143,179
143,180
143,181
143,182
143,183
143,184
143,185
143,186
143,187
143,188
143,189
143,190
143,191
143,192
143,193
143,194
143,195
143,196
143,197
143,198
143,199
143,200
143,201
143,202
143,203
143,204
143,205
143,206
143,207
143,208
143,209
143,256
143,321
143,356
143,427
143,428
143,481
143,482
144,7
144,52
144,80
144,105
144,170
144,208
144,209
144,256
144,321
144,356
144,427
144,428
144,481
144,482
145,7
145,52
145,80
145,105
145,170
145,208
145,209
145,256
145,321
145,356
145,427
145,428
145,481
145,482
146,7
146,52
146,80
146,105
146,170
146,208
146,209
146,256
146,321
146,356
146,427
146,428
146,481
146,482
147,7
147,52
147,61
147,62
147,80
147,105
147,170
147,208
147,209
147,256
147,321
147,356
147,427
147,428
147,481
147,482
148,7
148,52
148,61
148,62
148,80
148,105
148,170
148,208
148,209
148,256
148,321
148,356
148,427
148,428
148,481
148,482
149,7
149,52
149,61
149,62
149,80
149,170
149,256
149,321
149,356
149,427
149,428
149,481
149,482
150,7
150,52
150,61
150,62
150,80
150,170
150,256
150,321
150,356
150,427
150,428
150,481
150,482
151,7
151,52
151,61
151,62
151,80
151,170
151,256
151,321
151,356
151,427
151,428
151,481
151,482
152,7
152,52
152,61
152,62
152,80
152,170
152,256
152,321
152,356
152,427
152,428
152,481
152,482
153,7
153,52
153,61
153,62
153,80
153,170
153,256
153,321
153,356
153,427
153,428
153,481
153,482
154,7
154,52
154,61
154,62
154,80
154,105
154,170
154,256
154,321
154,356
154,427
154,428
154,481
154,482
155,7
155,52
155,61
155,62
155,80
155,81
155,82
155,83
155,84
155,85
155,86
155,87
155,88
155,89
155,90
155,91
155,92
155,93
155,94
155,95
155,96
155,97
155,98
155,99
155,100
155,101
155,102
155,103
155,104
155,105
155,170
155,208
155,209
155,256
155,321
155,356
155,427
155,428
155,481
155,482
156,7
156,52
156,53
156,54
156,55
156,56
156,57
156,58
156,59
156,60
156,61
156,62
156,80
156,81
156,82
156,83
156,84
156,85
156,86
156,87
156,88
156,89
156,90
156,91
156,92
156,93
156,94
156,95
156,96
156,97
156,98
156,99
156,100
156,101
156,102
156,103
156,104
156,105
156,170
156,208
156,209
156,256
156,321
156,356
156,427
156,428
156,481
156,482
157,7
157,170
157,208
157,209
157,256
157,321
157,356
157,427
157,428
157,481
157,482
158,7
158,170
158,171
158,172
158,173
158,174
158,175
158,176
158,177
158,178
158,179
158,180
158,181
158,182
158,183
158,184
158,185
158,186
158,187
158,188
158,189
158,190
158,191
158,192
158,193
158,194
158,195
158,196
158,197
158,198
158,199
158,200
158,201
158,202
158,203
158,204
158,205
158,206
158,207
158,208
158,209
158,256
158,321
158,356
158,427
158,428
158,481
158,482
159,7
159,170
159,171
159,172
159,173
159,174
159,175
159,176
159,177
159,178
159,179
159,180
159,181
159,182
159,183
159,184
159,185
159,186
159,187
159,188
159,189
159,190
159,191
159,192
159,193
159,194
159,195
159,196
159,197
159,198
159,199
159,200
159,201
159,202
159,203
159,204
159,205
159,206
159,207
159,208
159,209
159,256
159,321
159,356
159,427
159,428
159,481
159,482
160,7
160,256
160,321
160,356
160,427
160,428
160,481
160,482
161,7
161,256
161,321
161,356
161,427
161,428
161,481
161,482
162,7
162,256
162,321
162,356
162,427
162,428
162,481
162,482
163,7
163,256
163,321
163,356
163,427
163,428
163,481
163,482
164,7
164,256
164,321
164,356
164,427
164,428
164,481
164,482
165,7
165,256
165,321
165,356
165,427
165,428
165,481
165,482
166,7
166,256
166,321
166,356
166,427
166,428
166,481
166,482
167,7
167,256
167,257
167,258
167,259
167,260
167,261
167,262
167,263
167,264
167,265
167,266
167,267
167,268
167,269
167,270
167,271
167,272
167,273
167,274
167,275
167,276
167,277
167,278
167,279
167,280
167,281
167,282
167,283
167,284
167,285
167,286
167,287
167,288
167,289
167,290
167,291
167,292
167,293
167,294
167,295
167,296
167,297
167,298
167,299
167,300
167,301
167,302
167,303
167,304
167,305
167,306
167,307
167,308
167,309
167,310
167,311
167,312
167,313
167,314
167,315
167,316
167,317
167,318
167,319
167,320
167,321
167,356
167,427
167,428
167,481
167,482
168,7
168,256
168,257
168,258
168,259
168,260
168,261
168,262
168,263
168,264
168,265
168,266
168,267
168,268
168,269
168,270
168,271
168,272
168,273
168,274
168,275
168,276
168,277
168,278
168,279
168,280
168,281
168,282
168,283
168,284
168,285
168,286
168,287
168,288
168,289
168,290
168,291
168,292
168,293
168,294
168,295
168,296
168,297
168,298
168,299
168,300
168,301
168,302
168,303
168,304
168,305
168,306
168,307
168,308
168,309
168,310
168,311
168,312
168,313
168,314
168,315
168,316
168,317
168,318
168,319
168,320
168,321
168,356
168,427
168,428
168,481
168,482
169,7
169,356
169,427
169,428
169,481
169,482
170,7
170,356
170,357
170,358
170,359
170,360
170,361
170,362
170,363
170,364
170,365
170,366
170,367
170,368
170,369
170,370
170,371
170,372
170,373
170,374
170,375
170,376
170,377
170,378
170,379
170,380
170,381
170,382
170,383
170,384
170,385
170,386
170,387
170,388
170,389
170,390
170,391
170,392
170,393
170,394
170,395
170,396
170,397
170,398
170,399
170,400
170,401
170,402
170,403
170,404
170,405
170,406
170,407
170,408
170,409
170,410
170,411
170,412
170,413
170,414
170,415
170,416
170,417
170,418
170,419
170,420
170,421
170,422
170,423
170,424
170,425
170,426
170,427
170,428
170,481
170,482
171,7
171,356
171,357
171,358
171,359
171,360
171,361
171,362
171,363
171,364
171,365
171,366
171,367
171,368
171,369
171,370
171,371
171,372
171,373
171,374
171,375
171,376
171,377
171,378
171,379
171,380
171,381
171,382
171,383
171,384
171,385
171,386
171,387
171,388
171,389
171,390
171,391
171,392
171,393
171,394
171,395
171,396
171,397
171,398
171,399
171,400
171,401
171,402
171,403
171,404
171,405
171,406
171,407
171,408
171,409
171,410
171,411
171,412
171,413
171,414
171,415
171,416
171,417
171,418
171,419
171,420
171,421
171,422
171,423
171,424
171,425
171,426
171,427
171,428
171,481
171,482
172,7
172,481
172,482
173,7
173,481
173,482
174,7
174,481
174,482
175,7
175,481
175,482
176,7
176,481
176,482
177,7
177,481
177,482
178,7
178,481
178,482
179,7
179,481
179,482
180,7
180,481
180,482
181,7
181,481
181,482
182,7
182,481
182,482
183,7
183,481
183,482
184,7
184,481
184,482
185,7
185,481
185,482
186,7
186,481
186,482
187,7
187,481
187,482
188,7
188,481
188,482
189,7
189,481
189,482
190,5
190,6
190,7
190,8
190,9
190,10
190,11
190,12
190,13
190,14
190,15
190,16
190,17
190,18
190,19
190,20
190,21
190,22
190,23
190,24
190,25
190,26
190,27
190,28
190,29
190,30
190,31
190,32
190,33
190,34
190,35
190,36
190,37
190,38
190,39
190,40
190,41
190,42
190,43
190,44
190,45
190,46
190,47
190,48
190,49
190,50
190,51
190,52
190,53
190,54
190,55
190,56
190,57
190,58
190,59
190,60
190,61
190,62
190,63
190,64
190,65
190,66
190,67
190,68
190,69
190,70
190,71
190,72
190,73
190,74
190,75
190,76
190,77
190,78
190,79
190,80
190,81
190,82
190,83
190,84
190,85
190,86
190,87
190,88
190,89
190,90
190,91
190,92
190,93
190,94
190,95
190,96
190,97
190,98
190,99
190,100
190,101
190,102
190,103
190,104
190,105
190,106
190,107
190,108
190,109
190,110
190,111
190,112
190,113
190,114
190,115
190,116
190,117
190,118
190,119
190,120
190,121
190,122
190,123
190,124
190,125
190,126
190,127
190,128
190,129
190,130
190,131
190,132
190,133
190,134
190,135
190,136
190,137
190,138
190,139
190,140
190,141
190,142
190,143
190,144
190,145
190,146
190,147
190,148
190,149
190,150
190,151
190,152
190,153
190,154
190,155
190,156
190,157
190,158
190,159
190,160
190,161
190,162
190,163
190,164
190,165
190,166
190,167
190,168
190,169
190,170
190,171
190,172
190,173
190,174
190,175
190,176
190,177
190,178
190,179
190,180
190,181
190,182
190,183
190,184
190,185
190,186
190,187
190,188
190,189
190,190
190,191
190,192
190,193
190,194
190,195
190,196
190,197
190,198
190,199
190,200
190,201
190,202
190,203
190,204
190,205
190,206
190,207
190,208
190,209
190,210
190,211
190,212
190,213
190,214
190,215
190,216
190,217
190,218
190,219
190,220
190,221
190,222
190,223
190,224
190,225
190,226
190,227
190,228
190,229
190,230
190,231
190,232
190,233
190,234
190,235
190,236
190,237
190,238
190,239
190,240
190,241
190,242
190,243
190,244
190,245
190,246
190,247
190,248
190,249
190,250
190,251
190,252
190,253
190,254
190,255
190,256
190,257
190,258
190,259
190,260
190,261
190,262
190,263
190,264
190,265
190,266
190,267
190,268
190,269
190,270
190,271
190,272
190,273
190,274
190,275
190,276
190,277
190,278
190,279
190,280
190,281
190,282
190,283
190,284
190,285
190,286
190,287
190,288
190,289
190,290
190,291
190,292
190,293
190,294
190,295
190,296
190,297
190,298
190,299
190,300
190,301
190,302
190,303
190,304
190,305
190,306
190,307
190,308
190,309
190,310
190,311
190,312
190,313
190,314
190,315
190,316
190,317
190,318
190,319
190,320
190,321
190,322
190,323
190,324
190,325
190,326
190,327
190,328
190,329
190,330
190,331
190,332
190,333
190,334
190,335
190,336
190,337
190,338
190,339
190,340
190,341
190,342
190,343
190,344
190,345
190,346
190,347
190,348
190,349
190,350
190,351
190,352
190,353
190,354
190,355
190,356
190,357
190,358
190,359
190,360
190,361
190,362
190,363
190,364
190,365
190,366
190,367
190,368
190,369
190,370
190,371
190,372
190,373
190,374
190,375
190,376
190,377
190,378
190,379
190,380
190,381
190,382
190,383
190,384
190,385
190,386
190,387
190,388
190,389
190,390
190,391
190,392
190,393
190,394
190,395
190,396
190,397
190,398
190,399
190,400
190,401
190,402
190,403
190,404
190,405
190,406
190,407
190,408
190,409
190,410
190,411
190,412
190,413
190,414
190,415
190,416
190,417
190,418
190,419
190,420
190,421
190,422
190,423
190,424
190,425
190,426
190,427
190,428
190,429
190,430
190,431
190,432
190,433
190,434
190,435
190,436
190,437
190,438
190,439
190,440
190,441
190,442
190,443
190,444
190,445
190,446
190,447
190,448
190,449
190,450
190,451
190,452
190,453
190,454
190,455
190,456
190,457
190,458
190,459
190,460
190,461
190,462
190,463
190,464
190,465
190,466
190,467
190,468
190,469
190,470
190,471
190,472
190,473
190,474
190,475
190,476
190,477
190,478
190,479
190,480
190,481
190,482
190,483
190,484
190,485
190,486
191,5
191,6
191,7
191,8
191,9
191,10
191,11
191,12
191,13
191,14
191,15
191,16
191,17
191,18
191,19
191,20
191,21
191,22
191,23
191,24
191,25
191,26
191,27
191,28
191,29
191,30
191,31
191,32
191,33
191,34
191,35
191,36
191,37
191,38
191,39
191,40
191,41
191,42
191,43
191,44
191,45
191,46
191,47
191,48
191,49
191,50
191,51
191,52
191,53
191,54
191,55
191,56
191,57
191,58
191,59
191,60
191,61
191,62
191,63
191,64
191,65
191,66
191,67
191,68
191,69
191,70
191,71
191,72
191,73
191,74
191,75
191,76
191,77
191,78
191,79
191,80
191,81
191,82
191,83
191,84
191,85
191,86
191,87
191,88
191,89
191,90
191,91
191,92
191,93
191,94
191,95
191,96
191,97
191,98
191,99
191,100
191,101
191,102
191,103
191,104
191,105
191,106
191,107
191,108
191,109
191,110
191,111
191,112
191,113
191,114
191,115
191,116
191,117
191,118
191,119
191,120
191,121
191,122
191,123
191,124
191,125
191,126
191,127
191,128
191,129
191,130
191,131
191,132
191,133
191,134
191,135
191,136
191,137
191,138
191,139
191,140
191,141
191,142
191,143
191,144
191,145
191,146
191,147
191,148
191,149
191,150
191,151
191,152
191,153
191,154
191,155
191,156
191,157
191,158
191,159
191,160
191,161
191,162
191,163
191,164
191,165
191,166
191,167
191,168
191,169
191,170
191,171
191,172
191,173
191,174
191,175
191,176
191,177
191,178
191,179
191,180
191,181
191,182
191,183
191,184
191,185
191,186
191,187
191,188
191,189
191,190
191,191
191,192
191,193
191,194
191,195
191,196
191,197
191,198
191,199
191,200
191,201
191,202
191,203
191,204
191,205
191,206
191,207
191,208
191,209
191,210
191,211
191,212
191,213
191,214
191,215
191,216
191,217
191,218
191,219
191,220
191,221
191,222
191,223
191,224
191,225
191,226
191,227
191,228
191,229
191,230
191,231
191,232
191,233
191,234
191,235
191,236
191,237
191,238
191,239
191,240
191,241
191,242
191,243
191,244
191,245
191,246
191,247
191,248
191,249
191,250
191,251
191,252
191,253
191,254
191,255
191,256
191,257
191,258
191,259
191,260
191,261
191,262
191,263
191,264
191,265
191,266
191,267
191,268
191,269
191,270
191,271
191,272
191,273
191,274
191,275
191,276
191,277
191,278
191,279
191,280
191,281
191,282
191,283
191,284
191,285
191,286
191,287
191,288
191,289
191,290
191,291
191,292
191,293
191,294
191,295
191,296
191,297
191,298
191,299
191,300
191,301
191,302
191,303
191,304
191,305
191,306
191,307
191,308
191,309
191,310
191,311
191,312
191,313
191,314
191,315
191,316
191,317
191,318
191,319
191,320
191,321
191,322
191,323
191,324
191,325
191,326
191,327
191,328
191,329
191,330
191,331
191,332
191,333
191,334
191,335
191,336
191,337
191,338
191,339
191,340
191,341
191,342
191,343
191,344
191,345
191,346
191,347
191,348
191,349
191,350
191,351
191,352
191,353
191,354
191,355
191,356
191,357
191,358
191,359
191,360
191,361
191,362
191,363
191,364
191,365
191,366
191,367
191,368
191,369
191,370
191,371
191,372
191,373
191,374
191,375
191,376
191,377
191,378
191,379
191,380
191,381
191,382
191,383
191,384
191,385
191,386
191,387
191,388
191,389
191,390
191,391
191,392
191,393
191,394
191,395
191,396
191,397
191,398
191,399
191,400
191,401
191,402
191,403
191,404
191,405
191,406
191,407
191,408
191,409
191,410
191,411
191,412
191,413
191,414
191,415
191,416
191,417
191,418
191,419
191,420
191,421
191,422
191,423
191,424
191,425
191,426
191,427
191,428
191,429
191,430
191,431
191,432
191,433
191,434
191,435
191,436
191,437
191,438
191,439
191,440
191,441
191,442
191,443
191,444
191,445
191,446
191,447
191,448
191,449
191,450
191,451
191,452
191,453
191,454
191,455
191,456
191,457
191,458
191,459
191,460
191,461
191,462
191,463
191,464
191,465
191,466
191,467
191,468
191,469
191,470
191,471
191,472
191,473
191,474
191,475
191,476
191,477
191,478
191,479
191,480
191,481
191,482
191,483
191,484
191,485
191,486
