0,69
0,70
0,71
0,72
0,73
0,74
0,75
0,76
0,77
0,78
0,79
0,80
0,81
0,82
0,83
0,84
0,85
0,86
0,87
0,88
0,89
0,90
0,91
0,92
0,93
0,94
0,95
0,96
0,97
0,98
0,99
0,100
0,101
0,102
0,103
0,104
0,105
0,106
0,107
0,108
0,109
0,110
0,111
0,112
0,113
0,114
0,115
0,116
0,117
0,118
0,119
0,120
0,121
0,122
0,123
0,124
0,125
0,126
0,127
0,128
0,129
0,130
0,131
0,132
0,133
0,134
0,135
0,136
0,137
0,138
0,139
0,140
0,141
0,142
0,143
0,144
0,145
0,146
0,147
0,148
0,149
0,150
0,151
0,152
0,153
0,154
0,155
0,156
0,157
0,158
0,159
0,160
0,161
0,162
0,163
0,164
0,165
0,166
0,167
0,168
0,169
0,170
0,171
0,172
0,173
0,174
0,175
0,176
0,177
0,178
0,179
0,180
0,181
0,182
0,183
0,184
0,185
0,186
0,187
0,188
0,189
0,190
0,191
0,192
0,193
0,194
0,195
0,196
0,197
0,198
0,199
0,200
0,201
0,202
0,203
0,204
0,205
0,206
0,207
0,208
0,209
0,210
0,211
0,212
0,213
0,214
0,215
0,216
0,217
0,218
0,219
0,220
0,221
0,222
0,223
0,224
0,225
0,226
0,227
0,228
0,229
0,230
0,231
0,232
0,233
0,234
0,235
0,236
0,237
0,238
0,239
0,240
0,241
0,242
0,243
0,244
0,245
0,246
0,247
0,248
0,249
0,250
0,251
0,252
0,253
0,254
0,255
0,256
0,257
0,258
0,259
0,260
0,261
0,262
0,263
0,264
0,265
0,266
0,267
0,268
0,269
0,270
0,271
0,272
0,273
0,274
0,275
0,276
0,277
0,278
0,279
0,280
0,281
0,282
0,283
0,284
0,285
0,286
0,287
0,288
0,289
0,290
0,291
0,292
0,293
0,294
0,295
0,296
0,297
0,298
0,299
0,300
0,301
0,302
0,303
0,304
0,305
0,306
0,307
0,308
0,309
0,310
0,311
0,312
0,313
0,314
0,315
0,316
0,317
0,318
0,319
0,320
0,321
0,322
0,323
0,324
0,325
0,326
0,327
0,328
0,329
0,330
0,331
0,332
0,333
0,334
0,335
0,336
0,337
0,338
0,339
0,340
0,341
0,342
0,343
0,344
0,345
0,346
0,347
0,348
0,349
0,350
0,351
0,352
0,353
0,354
0,355
0,356
0,357
0,358
0,359
0,360
0,361
0,362
0,363
0,364
0,365
0,366
0,367
0,368
0,369
0,370
0,371
0,372
0,373
0,374
0,375
0,376
0,377
0,378
0,379
1,69
1,189
1,379
2,69
2,189
2,379
3,69
3,189
3,379
4,69
4,77
4,81
4,91
4,95
4,105
4,109
4,119
4,123
4,133
4,137
4,147
4,151
4,161
4,165
4,175
4,179
4,189
4,379
5,69
5,189
5,379
6,69
6,189
6,379
7,69
7,189
7,197
7,201
7,211
7,215
7,225
7,229
7,239
7,243
7,253
7,257
7,267
7,271
7,281
7,285
7,295
7,299
7,309
7,313
7,323
7,327
7,337
7,341
7,351
7,355
7,379
8,69
8,189
8,379
9,69
9,189
9,379
10,69
10,77
10,81
10,91
10,95
10,105
10,109
10,119
10,123
10,133
10,137
10,147
10,151
10,161
10,165
10,175
10,179
10,189
10,379
11,69
11,189
11,379
12,69
12,77
12,81
12,91
12,95
12,105
12,109
12,119
12,123
12,133
12,137
12,147
12,151
12,161
12,165
12,175
12,179
12,189
12,379
13,69
13,189
13,197
13,201
13,211
13,215
13,225
13,229
13,239
13,243
13,253
13,257
13,267
13,271
13,281
13,285
13,295
13,299
13,309
13,313
13,323
13,327
13,337
13,341
13,351
13,355
13,379
14,69
14,189
14,379
15,69
15,189
15,197
15,201
15,211
15,215
15,225
15,229
15,239
15,243
15,253
15,257
15,267
15,271
15,281
15,285
15,295
15,299
15,309
15,313
15,323
15,327
15,337
15,341
15,351
15,355
15,379
16,69
16,189
16,379
17,69
17,189
17,379
18,69
18,77
18,81
18,91
18,95
18,105
18,109
18,119
18,123
18,133
18,137
18,147
18,151
18,161
18,165
18,175
18,179
18,189
18,379
19,69
19,129
19,130
19,131
19,189
19,209
19,210
19,211
19,289
19,290
19,291
19,369
19,370
19,371
19,379
19,380
19,381
19,382
19,383
19,384
19,385
19,386
19,387
19,388
19,389
19,390
19,391
19,392
19,393
19,394
19,395
19,396
19,397
19,398
19,399
19,400
19,401
19,402
19,403
19,404
19,405
19,406
19,407
19,408
19,409
19,410
19,411
19,412
19,413
19,414
19,415
19,416
19,417
19,418
19,419
19,420
19,421
19,422
19,423
19,424
19,425
19,426
19,427
19,428
19,429
20,69
20,77
20,81
20,91
20,95
20,105
20,109
20,119
20,123
20,129
20,130
20,131
20,133
20,137
20,147
20,151
20,161
20,165
20,175
20,179
20,189
20,209
20,210
20,211
20,289
20,290
20,291
20,369
20,370
20,371
20,406
20,429
21,69
21,129
21,130
21,131
21,189
21,197
21,201
21,209
21,210
21,211
21,215
21,225
21,229
21,239
21,243
21,253
21,257
21,267
21,271
21,281
21,285
21,289
21,290
21,291
21,295
21,299
21,309
21,313
21,323
21,327
21,337
21,341
21,351
21,355
21,369
21,370
21,371
21,406
21,429
22,69
22,189
22,406
22,429
23,69
23,189
23,197
23,201
23,211
23,215
23,225
23,229
23,239
23,243
23,253
23,257
23,267
23,271
23,281
23,285
23,295
23,299
23,309
23,313
23,323
23,327
23,337
23,341
23,351
23,355
23,365
23,369
23,379
23,383
23,393
23,397
23,406
23,429
24,69
24,189
24,406
24,429
25,69
25,189
25,406
25,429
26,69
26,77
26,81
26,91
26,95
26,105
26,109
26,119
26,123
26,133
26,137
26,147
26,151
26,161
26,165
26,175
26,179
26,189
26,406
26,429
27,69
27,189
27,406
27,429
28,69
28,77
28,81
28,91
28,95
28,105
28,109
28,119
28,123
28,133
28,137
28,147
28,151
28,161
28,165
28,175
28,179
28,189
28,406
28,429
29,69
29,189
29,197
29,201
29,211
29,215
29,225
29,229
29,239
29,243
29,253
29,257
29,267
29,271
29,281
29,285
29,295
29,299
29,309
29,313
29,323
29,327
29,337
29,341
29,351
29,355
29,365
29,369
29,379
29,383
29,393
29,397
29,406
29,429
30,69
30,189
30,406
30,429
31,69
31,189
31,197
31,201
31,211
31,215
31,225
31,229
31,239
31,243
31,253
31,257
31,267
31,271
31,281
31,285
31,295
31,299
31,309
31,313
31,323
31,327
31,337
31,341
31,351
31,355
31,365
31,369
31,379
31,383
31,393
31,397
31,406
31,429
32,69
32,189
32,406
32,429
33,69
33,189
33,406
33,429
34,69
34,77
34,81
34,91
34,95
34,105
34,109
34,119
34,123
34,133
34,137
34,147
34,151
34,161
34,165
34,175
34,179
34,189
34,406
34,429
35,69
35,189
35,406
35,429
36,69
36,77
36,81
36,91
36,95
36,105
36,109
36,119
36,123
36,133
36,137
36,147
36,151
36,161
36,165
36,175
36,179
36,189
36,406
36,429
37,69
37,189
37,197
37,201
37,211
37,215
37,225
37,229
37,239
37,243
37,253
37,257
37,267
37,271
37,281
37,285
37,295
37,299
37,309
37,313
37,323
37,327
37,337
37,341
37,351
37,355
37,365
37,369
37,379
37,383
37,393
37,397
37,406
37,429
38,69
38,189
38,406
38,429
39,69
39,189
39,197
39,201
39,211
39,215
39,225
39,229
39,239
39,243
39,253
39,257
39,267
39,271
39,281
39,285
39,295
39,299
39,309
39,313
39,323
39,327
39,337
39,341
39,351
39,355
39,365
39,369
39,379
39,383
39,393
39,397
39,406
39,429
40,69
40,189
40,406
40,429
41,69
41,189
41,406
41,429
42,69
42,77
42,81
42,91
42,95
42,105
42,109
42,119
42,123
42,133
42,137
42,147
42,151
42,161
42,165
42,175
42,179
42,189
42,406
42,429
43,69
43,189
43,406
43,429
44,69
44,189
44,429
45,69
45,189
45,197
45,201
45,211
45,215
45,225
45,229
45,239
45,243
45,253
45,257
45,267
45,271
45,281
45,285
45,295
45,299
45,309
45,313
45,323
45,327
45,337
45,341
45,351
45,355
45,365
45,369
45,379
45,383
45,393
45,397
45,429
46,69
46,189
46,429
47,69
47,189
47,197
47,201
47,211
47,215
47,225
47,229
47,239
47,243
47,253
47,257
47,267
47,271
47,281
47,285
47,295
47,299
47,309
47,313
47,323
47,327
47,337
47,341
47,351
47,355
47,365
47,369
47,379
47,383
47,393
47,397
47,429
48,69
48,189
48,429
49,69
49,70
49,71
49,72
49,73
49,74
49,75
49,76
49,77
49,78
49,79
49,80
49,81
49,82
49,83
49,84
49,85
49,86
49,87
49,88
49,89
49,90
49,91
49,92
49,93
49,94
49,95
49,96
49,97
49,98
49,99
49,100
49,101
49,102
49,103
49,104
49,105
49,106
49,107
49,108
49,109
49,110
49,111
49,112
49,113
49,114
49,115
49,116
49,117
49,118
49,119
49,120
49,121
49,122
49,129
49,189
49,406
49,407
49,408
49,409
49,410
49,411
49,412
49,413
49,414
49,415
49,416
49,417
49,418
49,419
49,420
49,421
49,422
49,423
49,424
49,425
49,426
49,427
49,428
49,429
50,69
50,129
50,189
50,429
51,69
51,129
51,189
51,429
52,69
52,129
52,189
52,429
53,69
53,129
53,189
53,197
53,201
53,211
53,215
53,225
53,229
53,239
53,243
53,253
53,257
53,267
53,271
53,281
53,285
53,295
53,299
53,309
53,313
53,323
53,327
53,337
53,341
53,351
53,355
53,365
53,369
53,379
53,383
53,393
53,397
53,429
54,69
54,129
54,189
54,429
55,69
55,129
55,189
55,197
55,201
55,211
55,215
55,225
55,229
55,239
55,243
55,253
55,257
55,267
55,271
55,281
55,285
55,295
55,299
55,309
55,313
55,323
55,327
55,337
55,341
55,351
55,355
55,365
55,369
55,379
55,383
55,393
55,397
55,406
55,429
56,69
56,129
56,189
56,406
56,429
57,69
57,129
57,189
57,406
57,429
58,69
58,129
58,189
58,406
58,429
59,69
59,129
59,189
59,406
59,429
60,69
60,129
60,189
60,406
60,429
61,69
61,129
61,189
61,197
61,201
61,211
61,215
61,225
61,229
61,239
61,243
61,253
61,257
61,267
61,271
61,281
61,285
61,295
61,299
61,309
61,313
61,323
61,327
61,337
61,341
61,351
61,355
61,365
61,369
61,379
61,383
61,393
61,397
61,406
61,429
62,69
62,129
62,189
62,406
62,429
63,69
63,129
63,189
63,406
63,429
64,69
64,129
64,189
64,406
64,429
65,69
65,129
65,189
65,406
65,429
66,69
66,129
66,189
66,406
66,429
67,69
67,129
67,189
67,406
67,429
68,69
68,129
68,189
68,406
68,429
69,0
69,1
69,2
69,3
69,4
69,5
69,6
69,7
69,8
69,9
69,10
69,11
69,12
69,13
69,14
69,15
69,16
69,17
69,18
69,19
69,20
69,21
69,22
69,23
69,24
69,25
69,26
69,27
69,28
69,29
69,30
69,31
69,32
69,33
69,34
69,35
69,36
69,37
69,38
69,39
69,40
69,41
69,42
69,43
69,44
69,45
69,46
69,47
69,48
69,49
69,50
69,51
69,52
69,53
69,54
69,55
69,56
69,57
69,58
69,59
69,60
69,61
69,62
69,63
69,64
69,65
69,66
69,67
69,68
69,69
69,70
69,71
69,72
69,73
69,74
69,75
69,76
69,77
69,78
69,79
69,80
69,81
69,82
69,83
69,84
69,85
69,86
69,87
69,88
69,89
69,90
69,91
69,92
69,93
69,94
69,95
69,96
69,97
69,98
69,99
69,100
69,101
69,102
69,103
69,104
69,105
69,106
69,107
69,108
69,109
69,110
69,111
69,112
69,113
69,114
69,115
69,116
69,117
69,118
69,119
69,120
69,121
69,122
69,123
69,124
69,125
69,126
69,127
69,128
69,129
69,130
69,131
69,132
69,133
69,134
69,135
69,136
69,137
69,138
69,139
69,140
69,141
69,142
69,143
69,144
69,145
69,146
69,147
69,148
69,149
69,150
69,151
69,152
69,153
69,154
69,155
69,156
69,157
69,158
69,159
69,160
69,161
69,162
69,163
69,164
69,165
69,166
69,167
69,168
69,169
69,189
69,190
69,191
69,192
69,193
69,194
69,195
69,196
69,197
69,198
69,199
69,200
69,201
69,202
69,203
69,204
69,205
69,206
69,207
69,208
69,209
69,210
69,211
69,212
69,213
69,214
69,215
69,216
69,217
69,218
69,219
69,220
69,221
69,222
69,223
69,224
69,225
69,226
69,227
69,228
69,229
69,230
69,231
69,232
69,233
69,234
69,235
69,236
69,237
69,238
69,239
69,240
69,241
69,242
69,243
69,244
69,245
69,246
69,247
69,248
69,249
69,250
69,251
69,252
69,253
69,254
69,255
69,256
69,257
69,258
69,259
69,260
69,261
69,262
69,263
69,264
69,265
69,266
69,267
69,268
69,269
69,270
69,271
69,272
69,273
69,274
69,275
69,276
69,277
69,278
69,279
69,280
69,281
69,282
69,283
69,284
69,285
69,286
69,287
69,288
69,289
69,290
69,291
69,292
69,293
69,294
69,295
69,296
69,297
69,298
69,299
69,300
69,301
69,302
69,303
69,304
69,305
69,306
69,307
69,308
69,309
69,310
69,311
69,312
69,313
69,314
69,315
69,316
69,317
69,318
69,319
69,320
69,321
69,322
69,323
69,324
69,325
69,326
69,327
69,328
69,329
69,330
69,331
69,332
69,333
69,334
69,335
69,336
69,337
69,338
69,339
69,340
69,341
69,342
69,343
69,344
69,345
69,346
69,347
69,348
69,349
69,350
69,351
69,352
69,353
69,354
69,355
69,356
69,357
69,358
69,359
69,360
69,361
69,362
69,363
69,364
69,365
69,366
69,367
69,368
69,369
69,370
69,371
69,372
69,373
69,374
69,375
69,376
69,377
69,378
69,379
69,380
69,381
69,382
69,383
69,384
69,385
69,386
69,387
69,388
69,389
69,390
69,391
69,392
69,393
69,394
69,395
69,396
69,397
69,398
69,399
69,406
69,407
69,408
69,409
69,410
69,411
69,412
69,413
69,414
69,415
69,416
69,417
69,418
69,419
69,420
69,421
69,422
69,423
69,424
69,425
69,426
69,427
69,428
69,429
69,430
69,431
69,432
69,433
69,434
69,435
69,436
69,437
69,438
69,439
69,440
69,441
69,442
69,443
69,444
69,445
69,446
69,447
69,448
69,449
69,450
69,451
69,452
69,453
69,454
69,455
69,456
69,457
69,458
69,459
69,460
69,461
69,462
69,463
69,464
69,465
69,466
69,467
69,468
69,469
69,470
69,471
69,472
69,473
69,474
69,475
69,476
69,477
69,478
69,479
69,480
69,481
69,482
69,483
69,484
69,485
69,486
69,487
69,488
69,489
69,490
69,491
69,492
69,493
69,494
69,495
69,496
69,497
69,498
69,499
70,0
70,69
70,429
70,499
71,0
71,69
71,429
71,499
72,0
72,69
72,429
72,499
73,0
73,69
73,429
73,499
74,0
74,49
74,50
74,51
74,69
74,129
74,130
74,131
74,209
74,210
74,211
74,289
74,290
74,291
74,369
74,370
74,371
74,429
74,449
74,450
74,451
74,499
75,0
75,49
75,50
75,51
75,69
75,129
75,130
75,131
75,209
75,210
75,211
75,289
75,290
75,291
75,369
75,370
75,371
75,429
75,449
75,450
75,451
75,499
76,0
76,49
76,50
76,51
76,69
76,129
76,130
76,131
76,209
76,210
76,211
76,289
76,290
76,291
76,369
76,370
76,371
76,429
76,449
76,450
76,451
76,499
77,0
77,69
77,429
77,499
78,0
78,69
78,429
78,499
79,0
79,69
79,89
79,90
79,91
79,92
79,93
79,94
79,399
79,400
79,401
79,402
79,403
79,404
79,429
79,499
80,0
80,69
80,89
80,90
80,91
80,92
80,93
80,94
80,109
80,113
80,123
80,127
80,137
80,141
80,151
80,155
80,165
80,169
80,179
80,183
80,193
80,197
80,207
80,211
80,221
80,225
80,235
80,239
80,249
80,253
80,263
80,267
80,277
80,281
80,291
80,295
80,305
80,309
80,319
80,323
80,333
80,337
80,347
80,351
80,361
80,365
80,375
80,379
80,399
80,400
80,401
80,402
80,403
80,404
80,429
80,499
81,0
81,69
81,89
81,90
81,91
81,92
81,93
81,94
81,399
81,400
81,401
81,402
81,403
81,404
81,429
81,499
82,0
82,69
82,89
82,90
82,91
82,92
82,93
82,94
82,399
82,400
82,401
82,402
82,403
82,404
82,429
82,499
83,0
83,69
83,89
83,90
83,91
83,92
83,93
83,94
83,399
83,400
83,401
83,402
83,403
83,404
83,429
83,499
84,0
84,69
84,89
84,90
84,91
84,92
84,93
84,94
84,399
84,400
84,401
84,402
84,403
84,404
84,429
84,499
85,0
85,69
85,89
85,90
85,91
85,92
85,93
85,94
85,399
85,400
85,401
85,402
85,403
85,404
85,429
85,499
86,0
86,69
86,89
86,90
86,91
86,92
86,93
86,94
86,109
86,113
86,123
86,127
86,137
86,141
86,151
86,155
86,165
86,169
86,179
86,183
86,193
86,197
86,207
86,211
86,221
86,225
86,235
86,239
86,249
86,253
86,263
86,267
86,277
86,281
86,291
86,295
86,305
86,309
86,319
86,323
86,333
86,337
86,347
86,351
86,361
86,365
86,375
86,379
86,399
86,400
86,401
86,402
86,403
86,404
86,429
86,499
87,0
87,69
87,89
87,90
87,91
87,92
87,93
87,94
87,399
87,400
87,401
87,402
87,403
87,404
87,429
87,499
88,0
88,69
88,89
88,90
88,91
88,92
88,93
88,94
88,109
88,113
88,123
88,127
88,137
88,141
88,151
88,155
88,165
88,169
88,179
88,183
88,193
88,197
88,207
88,211
88,221
88,225
88,235
88,239
88,249
88,253
88,263
88,267
88,277
88,281
88,291
88,295
88,305
88,309
88,319
88,323
88,333
88,337
88,347
88,351
88,361
88,365
88,375
88,379
88,399
88,400
88,401
88,402
88,403
88,404
88,429
88,499
89,0
89,69
89,89
89,90
89,91
89,92
89,93
89,94
89,399
89,400
89,401
89,402
89,403
89,404
89,429
89,499
90,0
90,89
90,90
90,91
90,92
90,93
90,94
90,399
90,400
90,401
90,402
90,403
90,404
90,499
91,0
91,89
91,90
91,91
91,92
91,93
91,94
91,399
91,400
91,401
91,402
91,403
91,404
91,499
92,0
92,89
92,90
92,91
92,92
92,93
92,94
92,399
92,400
92,401
92,402
92,403
92,404
92,499
93,0
93,89
93,90
93,91
93,92
93,93
93,94
93,399
93,400
93,401
93,402
93,403
93,404
93,499
94,0
94,89
94,90
94,91
94,92
94,93
94,94
94,109
94,113
94,123
94,127
94,137
94,141
94,151
94,155
94,165
94,169
94,179
94,183
94,193
94,197
94,207
94,211
94,221
94,225
94,235
94,239
94,249
94,253
94,263
94,267
94,277
94,281
94,291
94,295
94,305
94,309
94,319
94,323
94,333
94,337
94,347
94,351
94,361
94,365
94,375
94,379
94,399
94,400
94,401
94,402
94,403
94,404
94,499
95,0
95,69
95,89
95,90
95,91
95,92
95,93
95,94
95,399
95,400
95,401
95,402
95,403
95,404
95,429
95,499
96,0
96,69
96,89
96,90
96,91
96,92
96,93
96,94
96,109
96,113
96,123
96,127
96,137
96,141
96,151
96,155
96,165
96,169
96,179
96,183
96,193
96,197
96,207
96,211
96,221
96,225
96,235
96,239
96,249
96,253
96,263
96,267
96,277
96,281
96,291
96,295
96,305
96,309
96,319
96,323
96,333
96,337
96,347
96,351
96,361
96,365
96,375
96,379
96,399
96,400
96,401
96,402
96,403
96,404
96,429
96,499
97,0
97,69
97,89
97,90
97,91
97,92
97,93
97,94
97,399
97,400
97,401
97,402
97,403
97,404
97,429
97,499
98,0
98,69
98,89
98,90
98,91
98,92
98,93
98,94
98,399
98,400
98,401
98,402
98,403
98,404
98,429
98,499
99,0
99,1
99,2
99,3
99,4
99,5
99,6
99,7
99,8
99,9
99,10
99,11
99,12
99,13
99,14
99,15
99,16
99,17
99,18
99,19
99,20
99,21
99,22
99,23
99,24
99,25
99,26
99,27
99,28
99,29
99,30
99,31
99,32
99,33
99,34
99,35
99,36
99,37
99,38
99,39
99,40
99,41
99,42
99,43
99,44
99,45
99,46
99,47
99,48
99,49
99,50
99,51
99,52
99,53
99,54
99,55
99,56
99,57
99,58
99,59
99,60
99,61
99,62
99,63
99,64
99,65
99,66
99,67
99,68
99,69
99,89
99,90
99,91
99,92
99,93
99,94
99,399
99,400
99,401
99,402
99,403
99,404
99,429
99,430
99,431
99,432
99,433
99,434
99,435
99,436
99,437
99,438
99,439
99,440
99,441
99,442
99,443
99,444
99,445
99,446
99,447
99,448
99,449
99,450
99,451
99,452
99,453
99,454
99,455
99,456
99,457
99,458
99,459
99,460
99,461
99,462
99,463
99,464
99,465
99,466
99,467
99,468
99,469
99,470
99,471
99,472
99,473
99,474
99,475
99,476
99,477
99,478
99,479
99,480
99,481
99,482
99,483
99,484
99,485
99,486
99,487
99,488
99,489
99,490
99,491
99,492
99,493
99,494
99,495
99,496
99,497
99,498
99,499
100,0
100,89
100,90
100,91
100,92
100,93
100,94
100,399
100,400
100,401
100,402
100,403
100,404
100,499
101,0
101,89
101,90
101,91
101,92
101,93
101,94
101,399
101,400
101,401
101,402
101,403
101,404
101,499
102,0
102,89
102,90
102,91
102,92
102,93
102,94
102,109
102,113
102,123
102,127
102,137
102,141
102,151
102,155
102,165
102,169
102,179
102,183
102,193
102,197
102,207
102,211
102,221
102,225
102,235
102,239
102,249
102,253
102,263
102,267
102,277
102,281
102,291
102,295
102,305
102,309
102,319
102,323
102,333
102,337
102,347
102,351
102,361
102,365
102,375
102,379
102,399
102,400
102,401
102,402
102,403
102,404
102,499
103,0
103,89
103,90
103,91
103,92
103,93
103,94
103,399
103,400
103,401
103,402
103,403
103,404
103,499
104,0
104,89
104,90
104,91
104,92
104,93
104,94
104,109
104,113
104,123
104,127
104,137
104,141
104,151
104,155
104,165
104,169
104,179
104,183
104,193
104,197
104,207
104,211
104,221
104,225
104,235
104,239
104,249
104,253
104,263
104,267
104,277
104,281
104,291
104,295
104,305
104,309
104,319
104,323
104,333
104,337
104,347
104,351
104,361
104,365
104,375
104,379
104,399
104,400
104,401
104,402
104,403
104,404
104,499
105,0
105,89
105,90
105,91
105,92
105,93
105,94
105,399
105,400
105,401
105,402
105,403
105,404
105,499
106,0
106,29
106,36
106,37
106,38
106,39
106,40
106,41
106,42
106,43
106,44
106,45
106,46
106,47
106,48
106,49
106,50
106,51
106,52
106,53
106,54
106,55
106,56
106,57
106,58
106,59
106,60
106,61
106,62
106,63
106,64
106,65
106,66
106,67
106,68
106,69
106,89
106,90
106,91
106,92
106,93
106,94
106,399
106,400
106,401
106,402
106,403
106,404
106,429
106,430
106,431
106,432
106,433
106,434
106,435
106,436
106,437
106,438
106,439
106,440
106,441
106,442
106,443
106,444
106,445
106,446
106,447
106,448
106,449
106,450
106,451
106,452
106,453
106,454
106,455
106,456
106,457
106,458
106,459
106,460
106,461
106,462
106,463
106,469
106,499
107,0
107,29
107,69
107,89
107,90
107,91
107,92
107,93
107,94
107,399
107,400
107,401
107,402
107,403
107,404
107,429
107,469
107,499
108,0
108,29
108,69
108,89
108,90
108,91
108,92
108,93
108,94
108,399
108,400
108,401
108,402
108,403
108,404
108,429
108,469
108,499
109,0
109,29
109,69
109,89
109,90
109,91
109,92
109,93
109,94
109,399
109,400
109,401
109,402
109,403
109,404
109,429
109,469
109,499
110,0
110,29
110,69
110,89
110,90
110,91
110,92
110,93
110,94
110,109
110,113
110,123
110,127
110,137
110,141
110,151
110,155
110,165
110,169
110,179
110,183
110,193
110,197
110,207
110,211
110,221
110,225
110,235
110,239
110,249
110,253
110,263
110,267
110,277
110,281
110,291
110,295
110,305
110,309
110,319
110,323
110,333
110,337
110,347
110,351
110,361
110,365
110,375
110,379
110,399
110,400
110,401
110,402
110,403
110,404
110,429
110,469
110,499
111,0
111,29
111,69
111,89
111,90
111,91
111,92
111,93
111,94
111,399
111,400
111,401
111,402
111,403
111,404
111,429
111,469
111,499
112,0
112,29
112,69
112,89
112,90
112,91
112,92
112,93
112,94
112,109
112,113
112,123
112,127
112,137
112,141
112,151
112,155
112,165
112,169
112,179
112,183
112,193
112,197
112,207
112,211
112,221
112,225
112,235
112,239
112,249
112,253
112,263
112,267
112,277
112,281
112,291
112,295
112,305
112,309
112,319
112,323
112,333
112,337
112,347
112,351
112,361
112,365
112,375
112,379
112,399
112,400
112,401
112,402
112,403
112,404
112,429
112,469
112,499
113,0
113,29
113,69
113,89
113,90
113,91
113,92
113,93
113,94
113,399
113,400
113,401
113,402
113,403
113,404
113,429
113,469
113,499
114,0
114,29
114,69
114,89
114,90
114,91
114,92
114,93
114,94
114,399
114,400
114,401
114,402
114,403
114,404
114,429
114,469
114,499
115,0
115,29
115,69
115,89
115,90
115,91
115,92
115,93
115,94
115,399
115,400
115,401
115,402
115,403
115,404
115,429
115,469
115,499
116,0
116,29
116,69
116,89
116,90
116,91
116,92
116,93
116,94
116,399
116,400
116,401
116,402
116,403
116,404
116,429
116,469
116,499
117,0
117,29
117,69
117,89
117,90
117,91
117,92
117,93
117,94
117,399
117,400
117,401
117,402
117,403
117,404
117,429
117,469
117,499
118,0
118,29
118,69
118,89
118,90
118,91
118,92
118,93
118,94
118,109
118,113
118,123
118,127
118,137
118,141
118,151
118,155
118,165
118,169
118,179
118,183
118,193
118,197
118,207
118,211
118,221
118,225
118,235
118,239
118,249
118,253
118,263
118,267
118,277
118,281
118,291
118,295
118,305
118,309
118,319
118,323
118,333
118,337
118,347
118,351
118,361
118,365
118,375
118,379
118,399
118,400
118,401
118,402
118,403
118,404
118,429
118,469
118,499
119,0
119,29
119,69
119,89
119,90
119,91
119,92
119,93
119,94
119,399
119,400
119,401
119,402
119,403
119,404
119,429
119,469
119,499
120,0
120,29
120,69
120,89
120,90
120,91
120,92
120,93
120,94
120,399
120,400
120,401
120,402
120,403
120,404
120,429
120,469
120,499
121,0
121,29
121,69
121,89
121,90
121,91
121,92
121,93
121,94
121,399
121,400
121,401
121,402
121,403
121,404
121,429
121,469
121,499
122,0
122,29
122,69
122,89
122,90
122,91
122,92
122,93
122,94
122,399
122,400
122,401
122,402
122,403
122,404
122,429
122,469
122,499
123,0
123,29
123,69
123,89
123,90
123,91
123,92
123,93
123,94
123,399
123,400
123,401
123,402
123,403
123,404
123,429
123,469
123,499
124,0
124,29
124,49
124,50
124,51
124,69
124,89
124,90
124,91
124,92
124,93
124,94
124,129
124,130
124,131
124,209
124,210
124,211
124,289
124,290
124,291
124,369
124,370
124,371
124,399
124,400
124,401
124,402
124,403
124,404
124,429
124,449
124,450
124,451
124,469
124,499
125,0
125,29
125,49
125,50
125,51
125,69
125,89
125,90
125,91
125,92
125,93
125,94
125,129
125,130
125,131
125,209
125,210
125,211
125,289
125,290
125,291
125,369
125,370
125,371
125,399
125,400
125,401
125,402
125,403
125,404
125,429
125,449
125,450
125,451
125,469
125,499
126,0
126,29
126,49
126,50
126,51
126,69
126,89
126,90
126,91
126,92
126,93
126,94
126,129
126,130
126,131
126,209
126,210
126,211
126,289
126,290
126,291
126,369
126,370
126,371
126,399
126,400
126,401
126,402
126,403
126,404
126,429
126,449
126,450
126,451
126,469
126,499
127,0
127,29
127,69
127,89
127,90
127,91
127,92
127,93
127,94
127,399
127,400
127,401
127,402
127,403
127,404
127,429
127,469
127,499
128,0
128,29
128,69
128,89
128,90
128,91
128,92
128,93
128,94
128,399
128,400
128,401
128,402
128,403
128,404
128,429
128,469
128,499
129,0
129,1
129,2
129,3
129,4
129,5
129,6
129,7
129,8
129,9
129,10
129,11
129,12
129,13
129,14
129,15
129,16
129,17
129,18
129,19
129,20
129,21
129,22
129,23
129,24
129,25
129,26
129,27
129,28
129,29
129,30
129,31
129,32
129,33
129,34
129,35
129,36
129,37
129,38
129,39
129,40
129,41
129,42
129,43
129,44
129,45
129,46
129,47
129,48
129,49
129,50
129,51
129,52
129,53
129,54
129,55
129,56
129,57
129,58
129,59
129,60
129,61
129,62
129,63
129,64
129,65
129,66
129,67
129,68
129,69
129,89
129,90
129,91
129,92
129,93
129,94
129,399
129,400
129,401
129,402
129,403
129,404
129,429
129,430
129,431
129,432
129,433
129,434
129,435
129,436
129,437
129,438
129,439
129,440
129,441
129,442
129,443
129,444
129,445
129,446
129,447
129,448
129,449
129,450
129,451
129,452
129,453
129,454
129,455
129,456
129,457
129,458
129,459
129,460
129,461
129,462
129,463
129,464
129,465
129,466
129,467
129,468
129,469
129,470
129,471
129,472
129,473
129,474
129,475
129,476
129,477
129,478
129,479
129,480
129,481
129,482
129,483
129,484
129,485
129,486
129,487
129,488
129,489
129,490
129,491
129,492
129,493
129,494
129,495
129,496
129,497
129,498
129,499
130,69
130,429
131,69
131,429
132,69
132,429
133,69
133,429
134,69
134,429
135,69
135,429
136,69
136,429
137,69
137,429
138,69
138,429
139,69
139,159
139,160
139,161
139,162
139,163
139,164
139,165
139,166
139,167
139,168
139,169
139,170
139,171
139,172
139,173
139,174
139,175
139,176
139,177
139,178
139,179
139,180
139,181
139,182
139,183
139,184
139,185
139,186
139,187
139,188
139,189
139,190
139,191
139,192
139,193
139,194
139,195
139,196
139,197
139,198
139,199
139,200
139,201
139,202
139,203
139,204
139,205
139,206
139,207
139,208
139,209
139,210
139,211
139,212
139,213
139,214
139,215
139,216
139,217
139,218
139,219
139,220
139,221
139,222
139,223
139,224
139,225
139,226
139,227
139,228
139,229
139,230
139,231
139,232
139,233
139,234
139,235
139,236
139,237
139,238
139,239
139,240
139,241
139,242
139,243
139,244
139,245
139,246
139,247
139,248
139,249
139,250
139,251
139,252
139,259
139,266
139,267
139,268
139,269
139,270
139,271
139,272
139,273
139,274
139,275
139,276
139,277
139,278
139,279
139,280
139,281
139,282
139,283
139,284
139,285
139,286
139,287
139,288
139,289
139,290
139,291
139,292
139,293
139,294
139,295
139,296
139,297
139,298
139,299
139,306
139,307
139,308
139,309
139,310
139,311
139,312
139,313
139,314
139,315
139,316
139,317
139,318
139,319
139,320
139,321
139,322
139,323
139,324
139,325
139,326
139,327
139,328
139,329
139,330
139,331
139,332
139,333
139,334
139,335
139,336
139,337
139,338
139,339
139,340
139,341
139,342
139,343
139,344
139,345
139,346
139,347
139,348
139,349
139,350
139,351
139,352
139,353
139,354
139,355
139,356
139,357
139,358
139,359
139,360
139,361
139,362
139,363
139,364
139,365
139,366
139,367
139,368
139,369
139,370
139,371
139,372
139,373
139,374
139,375
139,376
139,377
139,378
139,379
139,380
139,381
139,382
139,383
139,384
139,385
139,386
139,387
139,388
139,389
139,390
139,391
139,392
139,393
139,394
139,395
139,396
139,397
139,398
139,399
139,400
139,401
139,402
139,403
139,404
139,405
139,406
139,407
139,408
139,409
139,410
139,411
139,412
139,413
139,414
139,415
139,416
139,417
139,418
139,419
139,420
139,421
139,422
139,423
139,424
139,425
139,426
139,427
139,428
139,429
140,69
140,159
140,259
140,299
140,429
141,69
141,159
141,259
141,299
141,429
142,69
142,159
142,259
142,299
142,429
143,69
143,159
143,259
143,299
143,429
144,69
144,159
144,259
144,299
144,429
145,69
145,159
145,259
145,299
145,429
146,69
146,159
146,259
146,299
146,429
147,69
147,159
147,259
147,299
147,429
148,69
148,159
148,259
148,299
148,429
149,69
149,159
149,169
149,173
149,183
149,187
149,197
149,201
149,211
149,215
149,225
149,229
149,239
149,243
149,259
149,299
149,319
149,323
149,333
149,337
149,347
149,351
149,361
149,365
149,375
149,379
149,389
149,393
149,403
149,407
149,429
150,69
150,159
150,259
150,299
150,429
151,69
151,159
151,259
151,299
151,429
152,69
152,159
152,259
152,299
152,429
153,69
153,159
153,259
153,299
153,429
154,69
154,159
154,259
154,299
154,429
155,69
155,159
155,169
155,173
155,183
155,187
155,197
155,201
155,211
155,215
155,225
155,229
155,239
155,243
155,259
155,299
155,319
155,323
155,333
155,337
155,347
155,351
155,361
155,365
155,375
155,379
155,389
155,393
155,403
155,407
155,429
156,69
156,159
156,259
156,299
156,429
157,69
157,159
157,169
157,173
157,183
157,187
157,197
157,201
157,211
157,215
157,225
157,229
157,239
157,243
157,259
157,299
157,319
157,323
157,333
157,337
157,347
157,351
157,361
157,365
157,375
157,379
157,389
157,393
157,403
157,407
157,429
158,69
158,159
158,259
158,299
158,429
159,69
159,70
159,71
159,72
159,73
159,74
159,75
159,76
159,77
159,78
159,79
159,80
159,81
159,82
159,83
159,84
159,85
159,86
159,87
159,88
159,89
159,90
159,91
159,92
159,93
159,94
159,95
159,96
159,97
159,98
159,99
159,100
159,101
159,102
159,103
159,104
159,105
159,106
159,107
159,108
159,109
159,159
159,259
159,299
159,429
160,69
160,159
160,259
160,299
160,429
161,69
161,159
161,259
161,299
161,429
162,69
162,159
162,259
162,299
162,429
163,69
163,159
163,169
163,173
163,183
163,187
163,197
163,201
163,211
163,215
163,225
163,229
163,239
163,243
163,259
163,299
163,319
163,323
163,333
163,337
163,347
163,351
163,361
163,365
163,375
163,379
163,389
163,393
163,403
163,407
163,429
164,69
164,159
164,259
164,299
164,429
165,69
165,159
165,169
165,173
165,183
165,187
165,197
165,201
165,211
165,215
165,225
165,229
165,239
165,243
165,259
165,299
165,319
165,323
165,333
165,337
165,347
165,351
165,361
165,365
165,375
165,379
165,389
165,393
165,403
165,407
165,429
166,69
166,109
166,159
166,259
166,299
166,429
167,69
167,109
167,159
167,259
167,299
167,429
168,69
168,109
168,159
168,259
168,299
168,429
169,69
169,109
169,159
169,259
169,299
169,419
169,420
169,421
169,422
169,423
169,424
169,425
169,426
169,427
169,428
169,429
170,69
170,109
170,159
170,259
170,299
170,419
171,69
171,109
171,159
171,169
171,173
171,183
171,187
171,197
171,201
171,211
171,215
171,225
171,229
171,239
171,243
171,259
171,299
171,319
171,323
171,333
171,337
171,347
171,351
171,361
171,365
171,375
171,379
171,389
171,393
171,403
171,407
171,419
172,69
172,109
172,159
172,259
172,299
172,419
173,69
173,109
173,159
173,169
173,173
173,183
173,187
173,197
173,201
173,211
173,215
173,225
173,229
173,239
173,243
173,259
173,299
173,419
174,69
174,109
174,129
174,130
174,131
174,159
174,209
174,210
174,211
174,259
174,289
174,290
174,291
174,299
174,369
174,370
174,371
174,419
175,69
175,109
175,129
175,130
175,131
175,159
175,209
175,210
175,211
175,259
175,289
175,290
175,291
175,299
175,369
175,370
175,371
175,419
176,69
176,109
176,129
176,130
176,131
176,159
176,209
176,210
176,211
176,259
176,289
176,290
176,291
176,299
176,369
176,370
176,371
176,419
177,69
177,109
177,159
177,259
177,260
177,261
177,262
177,263
177,264
177,265
177,266
177,267
177,268
177,269
177,270
177,271
177,272
177,273
177,274
177,275
177,276
177,277
177,278
177,279
177,280
177,281
177,282
177,283
177,284
177,285
177,286
177,287
177,288
177,289
177,290
177,291
177,292
177,293
177,294
177,295
177,296
177,297
177,298
177,299
177,419
178,69
178,109
178,159
178,279
178,299
178,419
179,69
179,109
179,159
179,169
179,173
179,183
179,187
179,197
179,201
179,211
179,215
179,225
179,229
179,239
179,243
179,279
179,299
179,306
179,307
179,308
179,309
179,310
179,311
179,312
179,313
179,314
179,315
179,316
179,317
179,318
179,319
179,320
179,321
179,322
179,323
179,324
179,325
179,326
179,327
179,328
179,329
179,330
179,331
179,332
179,333
179,334
179,335
179,336
179,337
179,338
179,339
179,340
179,341
179,342
179,343
179,344
179,345
179,346
179,347
179,348
179,349
179,350
179,351
179,352
179,353
179,354
179,355
179,356
179,357
179,358
179,359
179,360
179,361
179,362
179,363
179,364
179,365
179,366
179,367
179,368
179,369
179,370
179,371
179,372
179,373
179,374
179,375
179,376
179,377
179,378
179,379
179,380
179,381
179,382
179,383
179,384
179,385
179,386
179,387
179,388
179,389
179,390
179,391
179,392
179,393
179,394
179,395
179,396
179,397
179,398
179,399
179,400
179,401
179,402
179,403
179,404
179,405
179,406
179,407
179,408
179,409
179,410
179,411
179,412
179,413
179,414
179,415
179,416
179,417
179,418
179,419
180,69
180,109
180,159
180,279
180,299
180,349
181,69
181,109
181,159
181,169
181,173
181,183
181,187
181,197
181,201
181,211
181,215
181,225
181,229
181,239
181,243
181,279
181,299
181,349
182,69
182,109
182,159
182,279
182,299
182,349
183,69
183,109
183,159
183,279
183,299
183,349
184,69
184,109
184,159
184,279
184,299
184,349
185,69
185,109
185,159
185,279
185,299
185,349
186,69
186,109
186,159
186,279
186,299
186,349
187,69
187,109
187,159
187,169
187,173
187,183
187,187
187,197
187,201
187,211
187,215
187,225
187,229
187,239
187,243
187,279
187,299
187,349
188,69
188,109
188,159
188,279
188,299
188,349
189,69
189,109
189,159
189,279
189,299
189,349
190,69
190,109
190,159
190,279
190,299
190,349
191,69
191,109
191,159
191,279
191,299
191,349
192,69
192,109
192,159
192,279
192,299
192,349
193,69
193,109
193,159
193,279
193,299
193,349
194,69
194,109
194,159
194,279
194,299
194,349
195,69
195,109
195,159
195,299
195,349
196,69
196,109
196,159
196,299
196,349
197,69
197,109
197,159
197,299
197,349
198,69
198,109
198,159
198,299
198,349
199,69
199,70
199,71
199,72
199,73
199,74
199,75
199,76
199,77
199,78
199,79
199,80
199,81
199,82
199,83
199,84
199,85
199,86
199,87
199,88
199,89
199,90
199,91
199,92
199,93
199,94
199,95
199,96
199,97
199,98
199,99
199,100
199,101
199,102
199,103
199,104
199,105
199,106
199,107
199,108
199,109
199,110
199,111
199,112
199,113
199,114
199,115
199,116
199,117
199,118
199,119
199,120
199,121
199,122
199,123
199,124
199,125
199,126
199,127
199,128
199,129
199,130
199,131
199,132
199,133
199,134
199,135
199,136
199,137
199,138
199,139
199,140
199,141
199,142
199,143
199,144
199,145
199,146
199,147
199,148
199,149
199,150
199,151
199,152
199,153
199,154
199,155
199,156
199,157
199,158
199,159
199,160
199,161
199,162
199,163
199,164
199,165
199,166
199,167
199,168
199,169
199,170
199,171
199,172
199,173
199,174
199,175
199,176
199,177
199,178
199,179
199,180
199,181
199,182
199,183
199,184
199,185
199,186
199,187
199,188
199,189
199,190
199,191
199,192
199,193
199,194
199,195
199,196
199,197
199,198
199,199
199,200
199,201
199,202
199,203
199,204
199,205
199,206
199,207
199,208
199,209
199,210
199,211
199,212
199,213
199,214
199,215
199,216
199,217
199,218
199,219
199,220
199,221
199,222
199,223
199,224
199,225
199,226
199,227
199,228
199,229
199,230
199,231
199,232
199,233
199,234
199,235
199,236
199,237
199,238
199,239
199,240
199,241
199,242
199,243
199,244
199,245
199,246
199,247
199,248
199,249
199,250
199,251
199,252
199,253
199,254
199,255
199,256
199,257
199,258
199,259
199,260
199,261
199,262
199,263
199,264
199,265
199,266
199,267
199,268
199,269
199,270
199,271
199,272
199,273
199,274
199,275
199,276
199,277
199,278
199,279
199,280
199,281
199,282
199,283
199,284
199,285
199,286
199,287
199,288
199,289
199,290
199,291
199,292
199,293
199,294
199,295
199,296
199,297
199,298
199,299
199,300
199,301
199,302
199,303
199,304
199,305
199,306
199,307
199,308
199,309
199,310
199,311
199,312
199,313
199,314
199,315
199,316
199,317
199,318
199,319
199,320
199,321
199,322
199,323
199,324
199,325
199,326
199,327
199,328
199,329
199,330
199,331
199,332
199,333
199,334
199,335
199,336
199,337
199,338
199,339
199,340
199,341
199,342
199,343
199,344
199,345
199,346
199,347
199,348
199,349